0 0 0 
108 88 90 
108 88 90 
108 88 90 
108 88 90 
122 64 68 
82 50 52 
0 0 0 
122 64 68 
82 50 52 
82 50 52 
122 64 68 
108 88 90 
108 88 90 
122 64 68 
62 54 54 
122 120 120 
122 64 68 
122 64 68 
122 120 120 
108 88 90 
122 64 68 
122 120 120 
122 64 68 
122 64 68 
108 88 90 
122 64 68 
122 64 68 
108 88 90 
122 64 68 
122 74 76 
110 88 90 
122 120 120 
122 74 78 
122 110 110 
122 116 116 
122 72 76 
110 90 92 
112 108 108 
108 88 90 
122 112 112 
66 62 62 
110 96 98 
120 118 118 
122 120 120 
108 90 92 
118 110 110 
122 118 118 
102 82 84 
94 72 74 
86 62 64 
82 54 56 
82 58 58 
82 54 56 
38 24 24 
80 52 52 
106 86 88 
34 24 24 
92 74 76 
68 58 58 
74 64 64 
102 80 80 
108 88 90 
110 90 92 
108 84 86 
120 68 72 
120 96 98 
122 76 80 
122 66 68 
120 102 104 
122 82 84 
122 68 70 
122 108 108 
120 98 98 
122 70 74 
122 108 110 
120 98 98 
122 68 72 
122 110 110 
122 72 74 
122 66 68 
110 94 94 
114 94 94 
122 64 68 
84 74 74 
86 72 72 
72 60 60 
78 70 70 
98 92 92 
76 66 66 
112 104 104 
110 102 102 
82 58 58 
112 98 98 
92 72 72 
82 50 52 
92 72 72 
86 64 64 
68 54 54 
82 62 62 
92 82 82 
70 60 60 
82 56 56 
82 58 58 
74 58 60 
78 48 50 
80 50 52 
82 50 52 
62 40 40 
82 50 52 
84 56 58 
104 64 64 
114 108 108 
86 56 58 
84 52 54 
88 60 62 
82 56 58 
84 52 54 
92 60 62 
114 96 98 
88 54 58 
114 64 68 
116 72 74 
118 64 68 
116 62 66 
114 62 64 
122 68 72 
120 78 80 
98 74 74 
122 112 112 
122 112 112 
122 120 120 
112 104 104 
118 114 114 
122 120 120 
70 64 64 
116 112 112 
122 120 120 
70 64 64 
112 106 106 
122 118 118 
78 68 68 
92 80 80 
122 114 114 
114 100 100 
114 102 102 
122 74 76 
72 62 62 
114 78 80 
122 78 82 
74 62 62 
114 106 106 
122 116 118 
62 56 56 
108 102 102 
120 84 88 
40 36 36 
96 84 84 
110 72 74 
36 30 30 
70 58 60 
72 58 58 
94 80 80 
72 62 64 
72 62 62 
76 64 64 
86 66 66 
126 102 102 
104 70 74 
138 104 104 
232 118 126 
150 88 92 
255 162 170 
238 120 128 
142 86 88 
255 170 178 
255 180 188 
140 78 82 
255 174 182 
236 118 126 
255 178 186 
255 178 186 
255 182 190 
255 178 186 
255 182 190 
255 182 190 
188 112 118 
255 174 182 
246 128 134 
255 168 176 
255 168 176 
240 122 130 
156 106 110 
255 178 186 
236 118 126 
255 168 176 
255 178 186 
236 118 126 
112 76 76 
255 182 190 
236 118 126 
255 182 190 
255 182 190 
236 118 126 
255 182 190 
255 182 190 
122 120 120 
255 182 190 
236 118 126 
236 118 126 
255 182 190 
255 182 190 
122 64 68 
255 182 190 
122 64 68 
122 64 68 
255 182 190 
255 182 190 
62 54 54 
255 182 190 
255 182 190 
122 64 68 
255 182 190 
122 64 68 
122 64 68 
255 182 190 
62 54 54 
122 64 68 
255 182 190 
122 120 120 
62 54 54 
255 182 190 
236 118 126 
122 64 68 
255 182 190 
236 118 126 
122 64 68 
255 182 190 
120 104 104 
62 54 54 
255 182 190 
62 54 54 
62 54 54 
0 0 0 
255 182 190 
255 182 190 
255 182 190 
255 182 190 
255 182 190 
0 0 0 
255 182 190 
62 54 54 
108 88 90 
108 88 90 
255 182 190 
236 118 126 
255 182 190 
255 182 190 
255 182 190 
255 182 190 
255 182 190 
255 182 190 
255 176 184 
236 118 126 
255 182 190 
255 176 184 
250 132 140 
255 182 190 
255 182 190 
255 176 184 
255 182 190 
255 182 190 
255 182 190 
255 182 190 
255 182 190 
255 182 190 
255 170 178 
255 170 178 
255 176 184 
100 70 70 
230 124 132 
236 124 132 
120 104 104 
126 76 78 
138 78 82 
82 50 52 
222 112 120 
152 82 88 
82 50 52 
255 182 188 
236 124 132 
255 182 190 
255 174 182 
238 124 132 
255 182 190 
255 158 166 
156 82 86 
122 64 68 
196 110 114 
174 94 100 
255 182 190 
255 172 180 
234 124 130 
255 176 184 
255 168 176 
242 126 134 
242 130 136 
186 108 112 
255 176 184 
230 118 126 
198 120 126 
255 172 180 
236 118 126 
255 168 176 
255 176 184 
140 80 84 
255 176 184 
255 176 184 
130 76 80 
120 104 104 
122 64 68 
124 64 68 
218 112 120 
122 64 68 
212 110 116 
212 108 116 
236 118 126 
164 106 110 
216 112 120 
122 64 68 
228 118 124 
136 80 82 
120 104 104 
234 118 126 
208 106 112 
0 0 0 
224 112 120 
214 110 114 
0 0 0 
142 78 82 
126 74 78 
112 82 84 
80 56 58 
108 86 86 
108 88 90 
114 98 98 
114 98 98 
102 84 86 
82 72 72 
82 72 72 
62 54 54 
80 68 68 
80 70 70 
120 104 104 
114 98 98 
112 98 98 
114 98 98 
126 104 104 
128 110 110 
68 60 60 
230 118 126 
134 114 114 
80 72 72 
236 118 126 
146 120 120 
146 114 116 
236 118 126 
230 118 126 
222 118 126 
134 70 74 
224 114 120 
236 118 126 
228 118 124 
158 114 116 
132 88 90 
236 118 126 
150 120 120 
132 114 116 
236 118 126 
228 118 126 
122 120 120 
236 118 126 
216 118 126 
142 120 120 
236 118 126 
220 118 126 
132 120 120 
230 118 126 
218 116 122 
146 114 116 
126 104 104 
224 118 126 
114 86 86 
224 118 126 
152 118 120 
122 120 120 
230 118 126 
226 118 126 
236 118 126 
236 118 126 
236 118 126 
236 118 126 
236 118 126 
230 116 124 
226 112 120 
230 118 126 
222 112 120 
124 66 70 
90 54 58 
216 108 116 
134 72 76 
122 64 68 
214 106 114 
220 112 118 
94 62 62 
128 68 72 
114 64 66 
98 60 62 
202 102 110 
216 108 116 
44 16 18 
214 108 114 
234 118 126 
94 62 64 
230 118 122 
236 118 126 
126 70 70 
255 158 160 
244 126 132 
138 84 84 
255 184 184 
255 184 184 
254 140 144 
255 168 168 
184 102 104 
255 180 180 
255 174 174 
255 180 182 
255 184 184 
255 184 184 
255 184 184 
255 136 142 
255 184 184 
236 118 126 
255 164 166 
255 178 180 
236 118 126 
228 130 130 
255 176 176 
236 118 126 
255 170 170 
255 176 178 
236 118 126 
255 154 156 
255 176 176 
122 64 68 
255 178 178 
255 176 176 
82 50 52 
255 184 184 
255 184 184 
82 50 52 
255 176 176 
204 120 120 
124 90 90 
255 162 164 
255 154 156 
98 58 60 
126 94 96 
236 118 126 
236 118 126 
206 106 114 
236 118 126 
236 118 126 
82 50 52 
236 118 126 
236 118 126 
116 66 68 
210 106 114 
236 118 126 
176 90 96 
218 110 118 
236 118 126 
236 118 126 
234 118 126 
234 118 126 
236 118 126 
230 118 126 
218 112 118 
118 66 68 
152 84 88 
110 66 68 
108 84 86 
102 76 78 
68 46 48 
106 90 90 
92 76 76 
78 64 64 
0 0 0 
98 86 88 
102 88 90 
108 88 90 
112 104 104 
110 102 102 
122 64 68 
122 120 120 
110 92 92 
138 76 80 
138 88 90 
148 98 100 
220 112 120 
198 108 114 
206 112 118 
236 118 126 
208 114 120 
194 110 116 
236 118 126 
164 114 120 
154 92 96 
224 112 120 
152 82 88 
98 66 68 
206 104 110 
140 74 78 
98 58 62 
134 70 74 
106 58 62 
84 50 52 
106 58 60 
122 64 68 
86 54 58 
130 70 74 
208 104 110 
80 34 36 
236 118 126 
140 68 72 
208 104 110 
122 58 62 
134 64 68 
96 60 62 
132 64 68 
134 66 70 
122 64 68 
190 94 102 
170 84 90 
124 64 68 
140 68 72 
138 66 72 
100 46 50 
126 58 62 
124 58 62 
104 56 58 
124 64 70 
188 94 98 
132 62 66 
224 112 120 
208 104 110 
122 58 62 
216 112 120 
150 76 80 
128 62 68 
128 104 104 
148 78 82 
150 72 78 
120 104 104 
210 108 116 
220 110 118 
128 64 68 
228 116 122 
232 116 124 
210 104 112 
212 106 112 
222 110 118 
152 72 78 
160 76 80 
156 76 80 
122 58 62 
128 62 66 
130 62 66 
122 60 62 
118 58 62 
114 58 62 
122 70 74 
110 76 76 
68 40 42 
120 90 92 
100 74 74 
44 32 32 
122 72 74 
102 70 70 
62 42 42 
120 60 62 
102 58 62 
66 42 42 
88 50 54 
92 56 58 
88 64 64 
116 58 62 
96 60 62 
112 96 96 
122 58 62 
122 70 74 
120 100 100 
122 58 62 
118 70 72 
114 96 96 
116 56 60 
96 58 60 
94 66 66 
44 14 16 
92 50 52 
94 60 62 
84 50 52 
118 70 72 
138 74 76 
122 72 72 
170 116 116 
220 116 118 
255 174 174 
255 168 168 
146 74 78 
255 180 180 
255 172 172 
140 70 74 
132 122 122 
140 76 78 
98 58 60 
120 116 116 
124 116 116 
234 118 126 
88 56 58 
124 62 66 
122 58 62 
122 58 62 
122 58 62 
122 58 62 
236 118 126 
122 58 62 
122 58 62 
122 64 68 
122 58 62 
122 58 62 
255 184 184 
255 184 184 
122 58 62 
255 184 184 
122 58 62 
122 58 62 
122 58 62 
122 58 62 
122 58 62 
38 16 18 
120 104 104 
122 120 120 
124 70 70 
128 74 74 
122 120 120 
255 164 164 
166 98 100 
146 92 94 
255 182 184 
255 168 168 
146 118 118 
160 90 92 
134 108 110 
128 120 120 
142 76 82 
130 72 76 
122 120 120 
200 100 106 
150 78 82 
230 118 126 
142 70 74 
168 84 88 
236 118 126 
126 70 72 
170 94 96 
255 178 178 
126 104 104 
184 118 118 
255 178 178 
122 58 62 
255 162 164 
242 126 132 
156 82 86 
255 174 174 
255 184 184 
144 82 84 
255 160 160 
214 120 122 
108 62 64 
162 92 94 
255 164 164 
86 52 54 
140 72 74 
255 178 178 
108 58 62 
162 84 88 
140 70 74 
96 56 58 
232 118 126 
255 184 184 
102 50 52 
236 118 126 
255 184 184 
164 86 88 
255 158 158 
255 184 184 
164 94 94 
212 124 124 
255 168 168 
132 82 84 
166 102 104 
196 120 120 
122 120 120 
132 84 88 
138 100 100 
144 92 96 
128 84 88 
120 104 104 
186 100 106 
158 90 94 
46 20 20 
216 116 122 
202 108 112 
180 98 100 
224 118 126 
246 138 140 
255 154 154 
176 92 96 
255 148 150 
255 164 164 
142 64 66 
246 144 144 
250 150 152 
142 78 78 
220 134 134 
255 170 170 
242 134 136 
255 160 160 
255 182 182 
255 170 170 
255 170 170 
255 170 170 
255 184 184 
255 168 168 
248 146 146 
255 184 184 
255 176 176 
158 80 82 
255 184 184 
255 176 176 
255 174 174 
255 184 184 
255 184 184 
255 184 184 
255 184 184 
255 184 184 
255 184 184 
255 184 184 
255 178 180 
255 172 174 
252 134 140 
250 130 138 
236 118 126 
228 114 122 
232 116 124 
236 118 126 
196 98 104 
228 116 124 
236 118 126 
222 112 120 
214 108 114 
216 108 116 
230 118 126 
168 86 92 
126 68 72 
236 118 126 
174 94 100 
132 72 76 
255 182 190 
255 160 166 
152 80 84 
255 168 176 
255 152 160 
146 74 78 
184 98 104 
180 96 100 
152 78 84 
222 108 116 
138 66 70 
130 64 68 
84 34 38 
128 58 62 
122 58 62 
116 56 60 
120 58 62 
122 58 62 
128 60 64 
134 64 68 
134 64 68 
236 118 126 
236 118 126 
232 116 124 
255 180 188 
255 176 184 
236 118 126 
255 168 176 
184 118 122 
236 120 128 
164 90 94 
228 118 126 
230 118 126 
128 68 72 
218 108 116 
222 110 118 
138 74 78 
144 74 80 
138 72 76 
255 170 178 
158 82 88 
140 70 74 
255 172 180 
255 164 172 
152 76 80 
158 84 90 
174 92 96 
228 116 124 
224 112 120 
154 74 80 
218 108 116 
232 116 124 
158 80 84 
154 74 80 
128 104 104 
222 112 120 
224 112 120 
224 112 120 
138 68 72 
136 64 68 
82 34 38 
136 66 70 
124 58 62 
226 112 120 
136 66 70 
128 62 66 
232 116 124 
230 114 122 
124 66 70 
160 84 92 
158 86 90 
126 116 116 
190 102 108 
184 112 116 
138 120 122 
228 118 126 
228 132 138 
224 140 146 
236 118 126 
252 148 156 
228 144 148 
220 120 126 
190 122 126 
172 124 124 
176 108 112 
164 114 116 
128 104 104 
154 104 104 
152 100 104 
136 86 88 
152 98 100 
160 96 98 
164 94 96 
162 92 94 
190 106 108 
202 112 114 
174 90 94 
240 134 136 
255 148 150 
244 126 132 
255 158 160 
255 168 170 
255 172 176 
255 172 174 
255 174 174 
255 172 172 
255 164 166 
255 156 156 
255 166 166 
255 148 150 
248 142 144 
218 120 122 
255 156 158 
232 138 140 
255 150 154 
255 160 164 
255 174 176 
255 174 182 
255 176 182 
255 182 186 
255 144 148 
255 180 182 
255 184 184 
255 138 142 
255 174 176 
255 182 184 
255 166 166 
255 168 168 
255 178 178 
194 112 114 
246 150 150 
244 148 148 
255 166 174 
242 146 148 
236 146 146 
255 176 182 
246 150 150 
122 66 70 
255 168 174 
242 148 148 
255 174 182 
238 138 144 
250 152 152 
252 152 152 
255 174 182 
255 174 178 
255 180 180 
255 182 190 
246 150 150 
242 148 148 
255 180 186 
248 150 150 
242 148 148 
255 184 184 
244 148 148 
242 148 148 
255 182 190 
255 180 184 
224 150 150 
255 182 190 
255 178 182 
255 176 176 
255 182 184 
255 174 178 
255 172 172 
255 182 188 
255 142 148 
252 130 138 
255 184 190 
255 182 190 
255 180 186 
255 188 196 
255 238 240 
255 186 186 
255 192 200 
255 240 240 
255 186 186 
255 182 190 
255 236 238 
208 112 114 
174 94 98 
222 146 146 
255 250 250 
200 106 108 
255 248 248 
255 255 255 
255 248 248 
255 250 250 
255 252 252 
255 255 255 
255 252 252 
172 120 120 
255 255 255 
255 248 248 
244 122 130 
242 148 148 
242 148 148 
255 240 240 
242 148 148 
242 148 148 
242 148 148 
255 255 255 
242 148 148 
242 148 148 
255 234 234 
242 148 148 
255 255 255 
255 186 190 
242 148 148 
102 50 50 
242 148 148 
242 148 148 
132 118 118 
242 148 148 
242 148 148 
148 120 120 
255 170 178 
255 150 158 
236 118 126 
236 118 126 
242 148 148 
236 118 126 
242 148 148 
242 148 148 
134 104 104 
242 148 148 
242 148 148 
174 102 106 
242 148 148 
255 180 182 
226 124 128 
255 244 244 
255 214 214 
210 112 114 
255 250 250 
255 232 232 
152 78 82 
255 255 255 
255 236 236 
134 74 74 
255 255 255 
255 255 255 
236 118 126 
255 255 255 
255 255 255 
82 50 52 
255 255 255 
255 255 255 
82 50 52 
255 255 255 
255 255 255 
236 118 126 
236 118 126 
236 118 126 
236 118 126 
122 64 68 
122 64 68 
236 118 126 
122 120 120 
236 118 126 
236 118 126 
122 64 68 
236 118 126 
236 118 126 
122 64 68 
122 64 68 
236 118 126 
122 64 68 
236 118 126 
236 118 126 
0 0 0 
255 148 160 
236 118 126 
0 0 0 
236 118 126 
236 118 126 
0 0 0 
255 148 160 
236 118 126 
0 0 0 
236 118 126 
236 118 126 
0 0 0 
236 118 126 
236 118 126 
0 0 0 
255 182 190 
255 182 190 
255 182 190 
255 182 190 
255 182 190 
255 182 190 
255 182 190 
0 0 0 
255 182 190 
255 182 190 
0 0 0 
255 182 190 
255 182 190 
255 148 160 
255 182 190 
255 182 190 
82 50 52 
255 182 190 
255 182 190 
236 118 126 
255 182 190 
255 182 190 
236 118 126 
255 182 190 
255 182 190 
236 118 126 
236 118 126 
236 118 126 
122 64 68 
236 118 126 
236 118 126 
236 118 126 
82 50 52 
236 118 126 
0 0 0 
82 50 52 
236 118 126 
236 118 126 
122 64 68 
82 50 52 
0 0 0 
82 50 52 
236 118 126 
0 0 0 
82 50 52 
236 118 126 
236 118 126 
236 118 126 
236 118 126 
236 118 126 
82 50 52 
236 118 126 
236 118 126 
236 118 126 
82 50 52 
255 148 160 
236 118 126 
255 182 190 
255 182 190 
236 118 126 
255 182 190 
255 182 190 
0 0 0 
255 182 190 
236 118 126 
0 0 0 
236 118 126 
255 182 190 
0 0 0 
255 182 190 
255 255 255 
255 182 190 
255 182 190 
255 255 255 
255 182 190 
255 182 190 
255 255 255 
255 182 190 
255 182 190 
236 118 126 
255 182 190 
255 182 190 
255 255 255 
255 182 190 
255 255 255 
255 255 255 
255 255 255 
255 255 255 
255 255 255 
255 255 255 
255 255 255 
255 255 255 
82 50 52 
255 255 255 
255 255 255 
236 118 126 
255 255 255 
255 255 255 
255 255 255 
255 255 255 
255 255 255 
236 118 126 
255 255 255 
255 255 255 
255 148 160 
236 118 126 
236 118 126 
236 118 126 
236 118 126 
0 0 0 
236 118 126 
255 182 190 
0 0 0 
0 0 0 
255 182 190 
255 182 190 
0 0 0 
255 182 190 
82 50 52 
255 182 190 
255 182 190 
255 182 190 
255 182 190 
255 182 190 
255 182 190 
236 118 126 
255 182 190 
255 255 255 
255 182 190 
255 182 190 
255 255 255 
236 118 126 
255 182 190 
255 255 255 
255 182 190 
255 182 190 
0 0 0 
236 118 126 
255 182 190 
255 255 255 
255 182 190 
255 255 255 
255 255 255 
255 255 255 
255 255 255 
255 255 255 
255 255 255 
255 255 255 
255 255 255 
255 182 190 
255 255 255 
255 255 255 
0 0 0 
255 255 255 
255 255 255 
255 255 255 
255 255 255 
255 255 255 
236 118 126 
255 255 255 
255 255 255 
255 148 160 
236 118 126 
236 118 126 
255 148 160 
236 118 126 
236 118 126 
236 118 126 
236 118 126 
236 118 126 
82 50 52 
236 118 126 
236 118 126 
82 50 52 
236 118 126 
236 118 126 
82 50 52 
236 118 126 
236 118 126 
236 118 126 
255 182 190 
255 182 190 
236 118 126 
255 182 190 
255 182 190 
255 148 160 
255 182 190 
236 118 126 
255 148 160 
82 50 52 
255 182 190 
255 148 160 
255 182 190 
255 182 190 
255 182 190 
255 182 190 
255 182 190 
255 182 190 
255 182 190 
236 118 126 
255 182 190 
255 182 190 
236 118 126 
255 182 190 
255 182 190 
255 182 190 
255 182 190 
255 182 190 
255 182 190 
255 182 190 
255 182 190 
255 182 190 
255 182 190 
255 182 190 
255 182 190 
255 136 144 
255 224 234 
255 226 236 
255 222 232 
255 138 146 
255 218 228 
255 226 236 
255 222 232 
132 66 70 
255 222 232 
255 148 160 
0 0 0 
255 144 152 
255 222 232 
82 50 52 
252 130 138 
255 214 222 
255 224 234 
242 124 132 
250 128 136 
120 68 72 
122 68 72 
255 216 226 
255 150 160 
240 122 130 
255 220 230 
255 226 236 
255 226 236 
255 220 230 
255 226 236 
122 60 64 
255 224 234 
236 118 126 
106 48 52 
255 144 154 
244 122 132 
236 118 126 
238 118 126 
238 118 126 
255 142 154 
232 116 124 
236 118 126 
134 66 72 
166 86 88 
100 58 60 
70 28 28 
128 72 72 
255 255 255 
255 246 246 
82 34 34 
0 0 0 
208 106 106 
158 76 76 
255 148 158 
255 244 244 
255 246 246 
255 154 164 
255 248 248 
255 252 252 
255 152 162 
240 122 122 
255 152 162 
0 0 0 
255 234 234 
255 150 160 
236 118 126 
255 240 240 
255 130 138 
238 118 126 
255 160 168 
255 148 158 
236 116 126 
255 148 160 
255 144 156 
88 32 36 
255 164 174 
255 154 166 
255 148 160 
255 248 248 
255 246 246 
255 152 164 
255 244 244 
255 236 238 
255 158 170 
140 74 74 
224 142 144 
255 154 166 
122 118 118 
166 122 124 
255 146 156 
184 134 136 
172 128 130 
255 148 160 
255 238 238 
255 166 176 
255 150 162 
255 238 238 
255 224 226 
255 152 162 
174 132 132 
242 148 152 
255 158 168 
68 28 28 
255 232 232 
192 134 136 
255 254 254 
255 160 168 
164 128 128 
255 240 240 
198 138 140 
138 120 122 
255 156 166 
208 134 138 
178 124 130 
255 152 162 
255 158 166 
255 148 156 
255 254 254 
255 246 246 
206 100 102 
255 255 255 
255 244 244 
230 118 118 
255 255 255 
255 252 252 
214 106 108 
255 255 255 
255 164 172 
255 148 160 
255 255 255 
255 160 170 
255 142 154 
255 255 255 
255 152 164 
142 58 64 
255 255 255 
255 154 166 
255 148 160 
255 255 255 
255 162 172 
255 156 168 
255 148 160 
255 255 255 
255 224 234 
255 148 160 
255 148 160 
255 226 236 
255 148 160 
255 226 236 
255 226 236 
255 226 236 
255 226 236 
255 224 234 
255 226 236 
255 255 255 
144 80 84 
122 120 120 
122 120 120 
255 255 255 
255 226 236 
122 120 120 
122 120 120 
255 226 236 
255 226 236 
122 120 120 
255 226 236 
255 226 236 
255 255 255 
255 148 160 
255 226 236 
255 255 255 
255 226 236 
255 226 236 
255 255 255 
255 226 236 
255 226 236 
255 255 255 
255 226 234 
255 226 236 
255 255 255 
255 246 248 
202 142 144 
255 254 254 
162 130 130 
255 252 252 
255 254 254 
255 254 254 
255 255 255 
255 255 255 
255 250 250 
255 255 255 
255 255 255 
216 110 110 
255 254 254 
255 255 255 
255 250 250 
255 254 254 
255 255 255 
255 254 255 
255 255 255 
255 255 255 
255 228 238 
255 255 255 
255 255 255 
255 255 255 
255 255 255 
255 255 255 
255 255 255 
255 255 255 
255 255 255 
255 254 255 
255 255 255 
255 255 255 
255 230 238 
255 254 254 
255 255 255 
255 226 236 
255 228 238 
255 255 255 
