0.0106118	8.93485	0	1.10748	
0.021225	8.92544	0	1.10782	
0.0318396	8.91602	0	1.10815	
0.0424556	8.90661	0	1.10849	
0.0530731	8.89719	0	1.10882	
0.063692	8.88778	0	1.10916	
0.0743123	8.87837	0	1.1095	
0.084934	8.86895	0	1.10984	
0.0955572	8.85954	0	1.11018	
0.106182	8.85013	0	1.11052	
0.116808	8.84072	0	1.11086	
0.127435	8.83132	0	1.1112	
0.138064	8.82191	0	1.11154	
0.148695	8.8125	0	1.11188	
0.159326	8.8031	0	1.11223	
0.16996	8.79369	0	1.11257	
0.180594	8.78429	0	1.11292	
0.191231	8.77489	0	1.11326	
0.201868	8.76549	0	1.11361	
0.212508	8.75609	0	1.11396	
0.223148	8.74669	0	1.1143	
0.23379	8.73729	0	1.11465	
0.244434	8.72789	0	1.115	
0.255079	8.71849	0	1.11535	
0.265725	8.7091	0	1.1157	
0.276374	8.6997	0	1.11605	
0.287023	8.69031	0	1.11641	
0.297674	8.68091	0	1.11676	
0.308327	8.67152	0	1.11711	
0.318981	8.66213	0	1.11747	
0.329636	8.65274	0	1.11783	
0.340293	8.64335	0	1.11818	
0.350952	8.63396	0	1.11854	
0.361612	8.62458	0	1.1189	
0.372274	8.61519	0	1.11926	
0.382937	8.6058	0	1.11962	
0.393601	8.59642	0	1.11998	
0.404268	8.58704	0	1.12034	
0.414935	8.57765	0	1.1207	
0.425605	8.56827	0	1.12106	
0.436275	8.55889	0	1.12142	
0.446948	8.54951	0	1.12179	
0.457622	8.54013	0	1.12215	
0.468297	8.53076	0	1.12252	
0.478974	8.52138	0	1.12289	
0.489653	8.512	0	1.12325	
0.500333	8.50263	0	1.12362	
0.511015	8.49326	0	1.12399	
0.521698	8.48388	0	1.12436	
0.532383	8.47451	0	1.12473	
0.54307	8.46514	0	1.1251	
0.553758	8.45577	0	1.12548	
0.564447	8.4464	0	1.12585	
0.575139	8.43704	0	1.12622	
0.585831	8.42767	0	1.1266	
0.596526	8.41831	0	1.12697	
0.607222	8.40894	0	1.12735	
0.61792	8.39958	0	1.12773	
0.628619	8.39022	0	1.12811	
0.63932	8.38086	0	1.12848	
0.650022	8.3715	0	1.12886	
0.660726	8.36214	0	1.12925	
0.671432	8.35278	0	1.12963	
0.68214	8.34342	0	1.13001	
0.692849	8.33407	0	1.13039	
0.703559	8.32471	0	1.13078	
0.714272	8.31536	0	1.13116	
0.724985	8.30601	0	1.13155	
0.735701	8.29665	0	1.13193	
0.746418	8.2873	0	1.13232	
0.757137	8.27795	0	1.13271	
0.767858	8.26861	0	1.1331	
0.77858	8.25926	0	1.13349	
0.789304	8.24991	0	1.13388	
0.80003	8.24057	0	1.13427	
0.810757	8.23122	0	1.13467	
0.821486	8.22188	0	1.13506	
0.832217	8.21254	0	1.13546	
0.842949	8.2032	0	1.13585	
0.853683	8.19386	0	1.13625	
0.864419	8.18452	0	1.13665	
0.875156	8.17519	0	1.13704	
0.885896	8.16585	0	1.13744	
0.896636	8.15651	0	1.13784	
0.907379	8.14718	0	1.13824	
0.918123	8.13785	0	1.13865	
0.928869	8.12852	0	1.13905	
0.939617	8.11919	0	1.13945	
0.950367	8.10986	0	1.13986	
0.961118	8.10053	0	1.14026	
0.971871	8.0912	0	1.14067	
0.982626	8.08188	0	1.14108	
0.993382	8.07255	0	1.14149	
1.00414	8.06323	0	1.1419	
1.0149	8.05391	0	1.14231	
1.02566	8.04459	0	1.14272	
1.03643	8.03527	0	1.14313	
1.04719	8.02595	0	1.14354	
1.05796	8.01663	0	1.14396	
1.06873	8.00731	0	1.14437	
1.0795	7.998	0	1.14479	
1.09027	7.98868	0	1.14521	
1.10104	7.97937	0	1.14562	
1.11182	7.97006	0	1.14604	
1.1226	7.96075	0	1.14646	
1.13338	7.95144	0	1.14688	
1.14416	7.94213	0	1.14731	
1.15494	7.93283	0	1.14773	
1.16573	7.92352	0	1.14815	
1.17652	7.91422	0	1.14858	
1.1873	7.90491	0	1.14901	
1.1981	7.89561	0	1.14943	
1.20889	7.88631	0	1.14986	
1.21968	7.87701	0	1.15029	
1.23048	7.86771	0	1.15072	
1.24128	7.85842	0	1.15115	
1.25208	7.84912	0	1.15158	
1.26288	7.83983	0	1.15202	
1.27368	7.83054	0	1.15245	
1.28449	7.82124	0	1.15289	
1.2953	7.81195	0	1.15332	
1.3061	7.80266	0	1.15376	
1.31692	7.79338	0	1.1542	
1.32773	7.78409	0	1.15464	
1.33854	7.7748	0	1.15508	
1.34936	7.76552	0	1.15552	
1.36018	7.75624	0	1.15596	
1.371	7.74696	0	1.1564	
1.38182	7.73768	0	1.15685	
1.39265	7.7284	0	1.1573	
1.40347	7.71912	0	1.15774	
1.4143	7.70984	0	1.15819	
1.42513	7.70057	0	1.15864	
1.43597	7.6913	0	1.15909	
1.4468	7.68202	0	1.15954	
1.45764	7.67275	0	1.15999	
1.46847	7.66348	0	1.16045	
1.47931	7.65422	0	1.1609	
1.49016	7.64495	0	1.16136	
1.501	7.63568	0	1.16181	
1.51185	7.62642	0	1.16227	
1.5227	7.61716	0	1.16273	
1.53355	7.60789	0	1.16319	
1.5444	7.59863	0	1.16365	
1.55525	7.58938	0	1.16411	
1.56611	7.58012	0	1.16458	
1.57697	7.57086	0	1.16504	
1.58783	7.56161	0	1.16551	
1.59869	7.55236	0	1.16597	
1.60955	7.5431	0	1.16644	
1.62042	7.53385	0	1.16691	
1.63129	7.5246	0	1.16738	
1.64216	7.51536	0	1.16785	
1.65303	7.50611	0	1.16832	
1.66391	7.49687	0	1.1688	
1.67478	7.48762	0	1.16927	
1.68566	7.47838	0	1.16975	
1.69654	7.46914	0	1.17023	
1.70742	7.4599	0	1.1707	
1.71831	7.45066	0	1.17118	
1.7292	7.44143	0	1.17166	
1.74009	7.43219	0	1.17215	
1.75098	7.42296	0	1.17263	
1.76187	7.41373	0	1.17311	
1.77277	7.4045	0	1.1736	
1.78366	7.39527	0	1.17409	
1.79456	7.38604	0	1.17457	
1.80546	7.37682	0	1.17506	
1.81637	7.36759	0	1.17555	
1.82727	7.35837	0	1.17605	
1.83818	7.34915	0	1.17654	
1.84909	7.33993	0	1.17703	
1.86001	7.33071	0	1.17753	
1.87092	7.3215	0	1.17802	
1.88184	7.31228	0	1.17852	
1.89276	7.30307	0	1.17902	
1.90368	7.29385	0	1.17952	
1.9146	7.28464	0	1.18002	
1.92553	7.27543	0	1.18053	
1.93645	7.26623	0	1.18103	
1.94738	7.25702	0	1.18154	
1.95832	7.24782	0	1.18204	
1.96925	7.23861	0	1.18255	
1.98019	7.22941	0	1.18306	
1.99113	7.22021	0	1.18357	
2.00207	7.21102	0	1.18408	
2.01301	7.20182	0	1.1846	
2.02396	7.19262	0	1.18511	
2.03491	7.18343	0	1.18563	
2.04586	7.17424	0	1.18615	
2.05681	7.16505	0	1.18666	
2.06776	7.15586	0	1.18718	
2.07872	7.14667	0	1.1877	
2.08968	7.13749	0	1.18823	
2.10064	7.1283	0	1.18875	
2.11161	7.11912	0	1.18928	
2.12257	7.10994	0	1.1898	
2.13354	7.10076	0	1.19033	
2.14451	7.09159	0	1.19086	
2.15548	7.08241	0	1.19139	
2.16646	7.07324	0	1.19192	
2.17744	7.06407	0	1.19246	
2.18842	7.05489	0	1.19299	
2.1994	7.04573	0	1.19353	
2.21039	7.03656	0	1.19407	
2.22137	7.02739	0	1.19461	
2.23236	7.01823	0	1.19515	
2.24336	7.00907	0	1.19569	
2.25435	6.99991	0	1.19623	
2.26535	6.99075	0	1.19678	
2.27635	6.98159	0	1.19732	
2.28735	6.97244	0	1.19787	
2.29835	6.96328	0	1.19842	
2.30936	6.95413	0	1.19897	
2.32037	6.94498	0	1.19952	
2.33138	6.93584	0	1.20007	
2.34239	6.92669	0	1.20063	
2.35341	6.91754	0	1.20119	
2.36443	6.9084	0	1.20174	
2.37545	6.89926	0	1.2023	
2.38647	6.89012	0	1.20286	
2.3975	6.88098	0	1.20343	
2.40853	6.87185	0	1.20399	
2.41956	6.86271	0	1.20455	
2.4306	6.85358	0	1.20512	
2.44163	6.84445	0	1.20569	
2.45267	6.83532	0	1.20626	
2.46371	6.8262	0	1.20683	
2.47476	6.81707	0	1.2074	
2.4858	6.80795	0	1.20798	
2.49685	6.79883	0	1.20855	
2.5079	6.78971	0	1.20913	
2.51896	6.78059	0	1.20971	
2.53001	6.77148	0	1.21029	
2.54107	6.76236	0	1.21087	
2.55213	6.75325	0	1.21146	
2.5632	6.74414	0	1.21204	
2.57427	6.73503	0	1.21263	
2.58534	6.72593	0	1.21322	
2.59641	6.71682	0	1.21381	
2.60748	6.70772	0	1.2144	
2.61856	6.69862	0	1.21499	
2.62964	6.68952	0	1.21559	
2.64072	6.68043	0	1.21618	
2.65181	6.67133	0	1.21678	
2.6629	6.66224	0	1.21738	
2.67399	6.65315	0	1.21798	
2.68508	6.64406	0	1.21859	
2.69618	6.63497	0	1.21919	
2.70728	6.62589	0	1.2198	
2.71838	6.61681	0	1.22041	
2.72948	6.60773	0	1.22102	
2.74059	6.59865	0	1.22163	
2.7517	6.58957	0	1.22224	
2.76281	6.5805	0	1.22286	
2.77393	6.57142	0	1.22347	
2.78505	6.56235	0	1.22409	
2.79617	6.55329	0	1.22471	
2.80729	6.54422	0	1.22533	
2.81842	6.53516	0	1.22595	
2.82955	6.52609	0	1.22658	
2.84068	6.51703	0	1.22721	
2.85181	6.50797	0	1.22784	
2.86295	6.49892	0	1.22847	
2.87409	6.48986	0	1.2291	
2.88523	6.48081	0	1.22973	
2.89638	6.47176	0	1.23037	
2.90753	6.46272	0	1.231	
2.91868	6.45367	0	1.23164	
2.92984	6.44463	0	1.23228	
2.94099	6.43559	0	1.23293	
2.95215	6.42655	0	1.23357	
2.96332	6.41751	0	1.23422	
2.97448	6.40847	0	1.23487	
2.98565	6.39944	0	1.23552	
2.99682	6.39041	0	1.23617	
3.008	6.38138	0	1.23682	
3.01918	6.37236	0	1.23748	
3.03036	6.36333	0	1.23814	
3.04154	6.35431	0	1.23879	
3.05273	6.34529	0	1.23946	
3.06392	6.33628	0	1.24012	
3.07511	6.32726	0	1.24078	
3.08631	6.31825	0	1.24145	
3.09751	6.30924	0	1.24212	
3.10871	6.30023	0	1.24279	
3.11991	6.29122	0	1.24346	
3.13112	6.28222	0	1.24414	
3.14233	6.27322	0	1.24481	
3.15355	6.26422	0	1.24549	
3.16476	6.25522	0	1.24617	
3.17598	6.24623	0	1.24685	
3.18721	6.23724	0	1.24754	
3.19843	6.22825	0	1.24823	
3.20966	6.21926	0	1.24891	
3.22089	6.21027	0	1.2496	
3.23213	6.20129	0	1.2503	
3.24337	6.19231	0	1.25099	
3.25461	6.18333	0	1.25169	
3.26586	6.17436	0	1.25238	
3.2771	6.16539	0	1.25309	
3.28836	6.15642	0	1.25379	
3.29961	6.14745	0	1.25449	
3.31087	6.13848	0	1.2552	
3.32213	6.12952	0	1.25591	
3.33339	6.12056	0	1.25662	
3.34466	6.1116	0	1.25733	
3.35593	6.10264	0	1.25805	
3.3672	6.09369	0	1.25876	
3.37848	6.08474	0	1.25948	
3.38976	6.07579	0	1.2602	
3.40105	6.06684	0	1.26093	
3.41233	6.0579	0	1.26165	
3.42362	6.04896	0	1.26238	
3.43492	6.04002	0	1.26311	
3.44621	6.03108	0	1.26384	
3.45751	6.02215	0	1.26457	
3.46882	6.01322	0	1.26531	
3.48012	6.00429	0	1.26605	
3.49143	5.99537	0	1.26679	
3.50275	5.98644	0	1.26753	
3.51406	5.97752	0	1.26828	
3.52538	5.9686	0	1.26902	
3.53671	5.95969	0	1.26977	
3.54804	5.95078	0	1.27053	
3.55937	5.94187	0	1.27128	
3.5707	5.93296	0	1.27204	
3.58204	5.92406	0	1.27279	
3.59338	5.91515	0	1.27356	
3.60472	5.90625	0	1.27432	
3.61607	5.89736	0	1.27508	
3.62742	5.88846	0	1.27585	
3.63878	5.87957	0	1.27662	
3.65014	5.87068	0	1.27739	
3.6615	5.8618	0	1.27817	
3.67286	5.85292	0	1.27895	
3.68423	5.84404	0	1.27973	
3.69561	5.83516	0	1.28051	
3.70698	5.82628	0	1.28129	
3.71836	5.81741	0	1.28208	
3.72975	5.80854	0	1.28287	
3.74113	5.79968	0	1.28366	
3.75252	5.79081	0	1.28445	
3.76392	5.78195	0	1.28525	
3.77532	5.77309	0	1.28605	
3.78672	5.76424	0	1.28685	
3.79812	5.75539	0	1.28765	
3.80953	5.74654	0	1.28846	
3.82094	5.73769	0	1.28927	
3.83236	5.72885	0	1.29008	
3.84378	5.72001	0	1.29089	
3.85521	5.71117	0	1.29171	
3.86663	5.70234	0	1.29253	
3.87806	5.69351	0	1.29335	
3.8895	5.68468	0	1.29417	
3.90094	5.67585	0	1.295	
3.91238	5.66703	0	1.29583	
3.92383	5.65821	0	1.29666	
3.93528	5.64939	0	1.29749	
3.94673	5.64058	0	1.29833	
3.95819	5.63177	0	1.29917	
3.96965	5.62296	0	1.30001	
3.98112	5.61416	0	1.30085	
3.99259	5.60536	0	1.3017	
4.00406	5.59656	0	1.30255	
4.01554	5.58776	0	1.3034	
4.02702	5.57897	0	1.30426	
4.03851	5.57018	0	1.30512	
4.05	5.5614	0	1.30598	
4.06149	5.55262	0	1.30684	
4.07299	5.54384	0	1.30771	
4.08449	5.53506	0	1.30858	
4.096	5.52629	0	1.30945	
4.10751	5.51752	0	1.31032	
4.11902	5.50875	0	1.3112	
4.13054	5.49999	0	1.31208	
4.14206	5.49123	0	1.31296	
4.15359	5.48247	0	1.31385	
4.16512	5.47372	0	1.31474	
4.17665	5.46497	0	1.31563	
4.18819	5.45622	0	1.31652	
4.19973	5.44748	0	1.31742	
4.21128	5.43874	0	1.31832	
4.22283	5.43	0	1.31922	
4.23438	5.42127	0	1.32013	
4.24594	5.41254	0	1.32104	
4.25751	5.40381	0	1.32195	
4.26907	5.39509	0	1.32286	
4.28065	5.38637	0	1.32378	
4.29222	5.37765	0	1.3247	
4.3038	5.36894	0	1.32562	
4.31539	5.36023	0	1.32655	
4.32698	5.35152	0	1.32748	
4.33857	5.34282	0	1.32841	
4.35017	5.33412	0	1.32935	
4.36177	5.32543	0	1.33029	
4.37338	5.31673	0	1.33123	
4.38499	5.30804	0	1.33217	
4.3966	5.29936	0	1.33312	
4.40822	5.29068	0	1.33407	
4.41985	5.282	0	1.33503	
4.43148	5.27333	0	1.33598	
4.44311	5.26466	0	1.33694	
4.45475	5.25599	0	1.33791	
4.46639	5.24733	0	1.33887	
4.47804	5.23867	0	1.33984	
4.48969	5.23001	0	1.34082	
4.50134	5.22136	0	1.34179	
4.513	5.21271	0	1.34277	
4.52467	5.20407	0	1.34376	
4.53634	5.19542	0	1.34474	
4.54801	5.18679	0	1.34573	
4.55969	5.17815	0	1.34672	
4.57138	5.16952	0	1.34772	
4.58306	5.1609	0	1.34872	
4.59476	5.15228	0	1.34972	
4.60645	5.14366	0	1.35073	
4.61816	5.13504	0	1.35174	
4.62986	5.12643	0	1.35275	
4.64158	5.11783	0	1.35377	
4.65329	5.10922	0	1.35479	
4.66501	5.10063	0	1.35581	
4.67674	5.09203	0	1.35684	
4.68847	5.08344	0	1.35787	
4.70021	5.07485	0	1.3589	
4.71195	5.06627	0	1.35994	
4.72369	5.05769	0	1.36098	
4.73545	5.04912	0	1.36202	
4.7472	5.04055	0	1.36307	
4.75896	5.03198	0	1.36412	
4.77073	5.02342	0	1.36518	
4.7825	5.01486	0	1.36623	
4.79427	5.00631	0	1.3673	
4.80605	4.99776	0	1.36836	
4.81784	4.98921	0	1.36943	
4.82963	4.98067	0	1.37051	
4.84143	4.97213	0	1.37158	
4.85323	4.9636	0	1.37266	
4.86503	4.95507	0	1.37375	
4.87685	4.94654	0	1.37483	
4.88866	4.93802	0	1.37593	
4.90048	4.92951	0	1.37702	
4.91231	4.92099	0	1.37812	
4.92414	4.91249	0	1.37922	
4.93598	4.90398	0	1.38033	
4.94782	4.89548	0	1.38144	
4.95967	4.88699	0	1.38256	
4.97152	4.8785	0	1.38367	
4.98338	4.87001	0	1.3848	
4.99524	4.86153	0	1.38592	
5.00711	4.85306	0	1.38705	
5.01899	4.84458	0	1.38819	
5.03087	4.83612	0	1.38933	
5.04275	4.82765	0	1.39047	
5.05464	4.81919	0	1.39161	
5.06654	4.81074	0	1.39276	
5.07844	4.80229	0	1.39392	
5.09035	4.79384	0	1.39508	
5.10226	4.7854	0	1.39624	
5.11418	4.77697	0	1.3974	
5.12611	4.76854	0	1.39858	
5.13803	4.76011	0	1.39975	
5.14997	4.75169	0	1.40093	
5.16191	4.74327	0	1.40211	
5.17386	4.73486	0	1.4033	
5.18581	4.72645	0	1.40449	
5.19777	4.71805	0	1.40569	
5.20973	4.70965	0	1.40689	
5.2217	4.70126	0	1.40809	
5.23368	4.69287	0	1.4093	
5.24566	4.68449	0	1.41051	
5.25764	4.67611	0	1.41173	
5.26964	4.66773	0	1.41295	
5.28163	4.65937	0	1.41418	
5.29364	4.651	0	1.41541	
5.30565	4.64264	0	1.41664	
5.31766	4.63429	0	1.41788	
5.32969	4.62594	0	1.41913	
5.34172	4.6176	0	1.42038	
5.35375	4.60926	0	1.42163	
5.36579	4.60093	0	1.42289	
5.37784	4.5926	0	1.42415	
5.38989	4.58427	0	1.42541	
5.40195	4.57596	0	1.42669	
5.41401	4.56764	0	1.42796	
5.42608	4.55934	0	1.42924	
5.43816	4.55103	0	1.43053	
5.45024	4.54274	0	1.43182	
5.46233	4.53445	0	1.43311	
5.47443	4.52616	0	1.43441	
5.48653	4.51788	0	1.43571	
5.49864	4.5096	0	1.43702	
5.51075	4.50133	0	1.43834	
5.52287	4.49307	0	1.43966	
5.535	4.48481	0	1.44098	
5.54713	4.47655	0	1.44231	
5.55928	4.46831	0	1.44364	
5.57142	4.46006	0	1.44498	
5.58357	4.45182	0	1.44632	
5.59573	4.44359	0	1.44767	
5.6079	4.43537	0	1.44902	
5.62007	4.42715	0	1.45038	
5.63225	4.41893	0	1.45174	
5.64444	4.41072	0	1.45311	
5.65663	4.40252	0	1.45449	
5.66883	4.39432	0	1.45586	
5.68104	4.38613	0	1.45725	
5.69325	4.37794	0	1.45864	
5.70547	4.36976	0	1.46003	
5.7177	4.36159	0	1.46143	
5.72993	4.35342	0	1.46283	
5.74217	4.34525	0	1.46424	
5.75442	4.3371	0	1.46566	
5.76667	4.32894	0	1.46708	
5.77893	4.3208	0	1.4685	
5.7912	4.31266	0	1.46994	
5.80347	4.30453	0	1.47137	
5.81576	4.2964	0	1.47281	
5.82804	4.28828	0	1.47426	
5.84034	4.28016	0	1.47571	
5.85264	4.27205	0	1.47717	
5.86495	4.26395	0	1.47864	
5.87727	4.25585	0	1.48011	
5.8896	4.24776	0	1.48158	
5.90193	4.23968	0	1.48306	
5.91427	4.2316	0	1.48455	
5.92661	4.22353	0	1.48604	
5.93897	4.21547	0	1.48754	
5.95133	4.20741	0	1.48904	
5.9637	4.19935	0	1.49055	
5.97607	4.19131	0	1.49207	
5.98846	4.18327	0	1.49359	
6.00085	4.17523	0	1.49512	
6.01325	4.16721	0	1.49665	
6.02565	4.15919	0	1.49819	
6.03806	4.15117	0	1.49973	
6.05049	4.14317	0	1.50128	
6.06291	4.13517	0	1.50284	
6.07535	4.12717	0	1.5044	
6.0878	4.11919	0	1.50597	
6.10025	4.11121	0	1.50754	
6.11271	4.10323	0	1.50913	
6.12517	4.09527	0	1.51071	
6.13765	4.08731	0	1.51231	
6.15013	4.07935	0	1.51391	
6.16262	4.07141	0	1.51551	
6.17512	4.06347	0	1.51712	
6.18763	4.05553	0	1.51874	
6.20014	4.04761	0	1.52037	
6.21267	4.03969	0	1.522	
6.2252	4.03178	0	1.52364	
6.23774	4.02387	0	1.52528	
6.25029	4.01598	0	1.52693	
6.26284	4.00809	0	1.52859	
6.27541	4.00021	0	1.53025	
6.28798	3.99233	0	1.53192	
6.30056	3.98446	0	1.5336	
6.31315	3.9766	0	1.53528	
6.32574	3.96875	0	1.53697	
6.33835	3.9609	0	1.53867	
6.35096	3.95306	0	1.54037	
6.36359	3.94523	0	1.54208	
6.37622	3.93741	0	1.5438	
6.38886	3.92959	0	1.54552	
6.4015	3.92178	0	1.54725	
6.41416	3.91398	0	1.54899	
6.42683	3.90618	0	1.55073	
6.4395	3.8984	0	1.55248	
6.45218	3.89062	0	1.55424	
6.46487	3.88285	0	1.55601	
6.47757	3.87508	0	1.55778	
6.49028	3.86733	0	1.55956	
6.503	3.85958	0	1.56135	
6.51573	3.85184	0	1.56314	
6.52847	3.84411	0	1.56494	
6.54121	3.83639	0	1.56675	
6.55396	3.82867	0	1.56857	
6.56673	3.82096	0	1.57039	
6.5795	3.81326	0	1.57222	
6.59228	3.80557	0	1.57406	
6.60507	3.79789	0	1.5759	
6.61787	3.79021	0	1.57776	
6.63068	3.78254	0	1.57962	
6.6435	3.77488	0	1.58148	
6.65633	3.76723	0	1.58336	
6.66917	3.75959	0	1.58524	
6.68201	3.75196	0	1.58713	
6.69487	3.74433	0	1.58903	
6.70774	3.73671	0	1.59094	
6.72061	3.7291	0	1.59285	
6.7335	3.7215	0	1.59477	
6.74639	3.71391	0	1.5967	
6.7593	3.70633	0	1.59864	
6.77221	3.69875	0	1.60059	
6.78514	3.69119	0	1.60254	
6.79807	3.68363	0	1.6045	
6.81101	3.67608	0	1.60647	
6.82397	3.66854	0	1.60845	
6.83693	3.66101	0	1.61044	
6.84991	3.65349	0	1.61243	
6.86289	3.64598	0	1.61443	
6.87588	3.63847	0	1.61644	
6.88889	3.63098	0	1.61846	
6.9019	3.62349	0	1.62049	
6.91493	3.61601	0	1.62253	
6.92796	3.60855	0	1.62457	
6.94101	3.60109	0	1.62662	
6.95406	3.59364	0	1.62868	
6.96713	3.5862	0	1.63075	
6.98021	3.57877	0	1.63283	
6.99329	3.57134	0	1.63492	
7.00639	3.56393	0	1.63701	
7.0195	3.55653	0	1.63912	
7.03262	3.54914	0	1.64123	
7.04575	3.54175	0	1.64335	
7.05889	3.53438	0	1.64548	
7.07204	3.52701	0	1.64762	
7.0852	3.51966	0	1.64977	
7.09838	3.51231	0	1.65193	
7.11156	3.50498	0	1.6541	
7.12476	3.49765	0	1.65627	
7.13796	3.49034	0	1.65846	
7.15118	3.48303	0	1.66065	
7.16441	3.47574	0	1.66285	
7.17765	3.46845	0	1.66507	
7.1909	3.46117	0	1.66729	
7.20416	3.45391	0	1.66952	
7.21744	3.44665	0	1.67176	
7.23072	3.43941	0	1.67401	
7.24402	3.43217	0	1.67627	
7.25733	3.42495	0	1.67854	
7.27065	3.41773	0	1.68082	
7.28398	3.41053	0	1.68311	
7.29732	3.40333	0	1.68541	
7.31068	3.39615	0	1.68771	
7.32405	3.38898	0	1.69003	
7.33743	3.38181	0	1.69236	
7.35082	3.37466	0	1.6947	
7.36422	3.36752	0	1.69704	
7.37763	3.36039	0	1.6994	
7.39106	3.35327	0	1.70177	
7.4045	3.34616	0	1.70414	
7.41795	3.33906	0	1.70653	
7.43141	3.33198	0	1.70893	
7.44489	3.3249	0	1.71134	
7.45838	3.31783	0	1.71376	
7.47188	3.31078	0	1.71618	
7.48539	3.30374	0	1.71862	
7.49891	3.29671	0	1.72107	
7.51245	3.28969	0	1.72353	
7.526	3.28268	0	1.726	
7.53957	3.27568	0	1.72848	
7.55314	3.26869	0	1.73097	
7.56673	3.26172	0	1.73348	
7.58033	3.25475	0	1.73599	
7.59395	3.2478	0	1.73851	
7.60757	3.24086	0	1.74105	
7.62122	3.23393	0	1.74359	
7.63487	3.22701	0	1.74615	
7.64854	3.22011	0	1.74871	
7.66222	3.21321	0	1.75129	
7.67591	3.20633	0	1.75388	
7.68962	3.19946	0	1.75648	
7.70334	3.1926	0	1.75909	
7.71707	3.18576	0	1.76172	
7.73082	3.17892	0	1.76435	
7.74458	3.1721	0	1.767	
7.75835	3.16529	0	1.76965	
7.77214	3.1585	0	1.77232	
7.78594	3.15171	0	1.775	
7.79976	3.14494	0	1.77769	
7.81358	3.13818	0	1.7804	
7.82743	3.13143	0	1.78311	
7.84129	3.12469	0	1.78584	
7.85516	3.11797	0	1.78857	
7.86904	3.11126	0	1.79132	
7.88294	3.10456	0	1.79409	
7.89686	3.09788	0	1.79686	
7.91078	3.09121	0	1.79965	
7.92473	3.08455	0	1.80244	
7.93868	3.0779	0	1.80525	
7.95266	3.07127	0	1.80808	
7.96664	3.06465	0	1.81091	
7.98064	3.05804	0	1.81376	
7.99466	3.05144	0	1.81662	
8.00869	3.04486	0	1.81949	
8.02273	3.0383	0	1.82237	
8.03679	3.03174	0	1.82527	
8.05087	3.0252	0	1.82818	
8.06496	3.01867	0	1.8311	
8.07906	3.01216	0	1.83403	
8.09318	3.00566	0	1.83698	
8.10732	2.99917	0	1.83994	
8.12147	2.9927	0	1.84291	
8.13564	2.98624	0	1.84589	
8.14982	2.97979	0	1.84889	
8.16402	2.97336	0	1.8519	
8.17823	2.96694	0	1.85493	
8.19246	2.96054	0	1.85796	
8.2067	2.95415	0	1.86101	
8.22096	2.94777	0	1.86408	
8.23524	2.94141	0	1.86716	
8.24953	2.93506	0	1.87025	
8.26384	2.92873	0	1.87335	
8.27816	2.92241	0	1.87647	
8.2925	2.91611	0	1.8796	
8.30686	2.90982	0	1.88274	
8.32123	2.90354	0	1.8859	
8.33562	2.89728	0	1.88907	
8.35002	2.89103	0	1.89225	
8.36444	2.8848	0	1.89545	
8.37888	2.87858	0	1.89867	
8.39334	2.87238	0	1.90189	
8.40781	2.86619	0	1.90513	
8.4223	2.86002	0	1.90839	
8.4368	2.85386	0	1.91166	
8.45132	2.84772	0	1.91494	
8.46586	2.84159	0	1.91824	
8.48042	2.83548	0	1.92155	
8.49499	2.82938	0	1.92487	
8.50958	2.8233	0	1.92821	
8.52419	2.81723	0	1.93157	
8.53881	2.81118	0	1.93494	
8.55346	2.80515	0	1.93832	
8.56812	2.79913	0	1.94172	
8.58279	2.79312	0	1.94513	
8.59749	2.78713	0	1.94856	
8.6122	2.78116	0	1.952	
8.62693	2.7752	0	1.95546	
8.64168	2.76926	0	1.95893	
8.65644	2.76334	0	1.96241	
8.67123	2.75743	0	1.96592	
8.68603	2.75154	0	1.96943	
8.70085	2.74566	0	1.97296	
8.71569	2.7398	0	1.97651	
8.73054	2.73395	0	1.98007	
8.74542	2.72812	0	1.98365	
8.76031	2.72231	0	1.98724	
8.77522	2.71652	0	1.99085	
8.79015	2.71074	0	1.99447	
8.8051	2.70497	0	1.99811	
8.82007	2.69923	0	2.00177	
8.83506	2.6935	0	2.00544	
8.85006	2.68778	0	2.00912	
8.86509	2.68209	0	2.01282	
8.88013	2.67641	0	2.01654	
8.89519	2.67075	0	2.02027	
8.91027	2.6651	0	2.02402	
8.92537	2.65947	0	2.02778	
8.94049	2.65386	0	2.03157	
8.95563	2.64827	0	2.03536	
8.97079	2.64269	0	2.03917	
8.98597	2.63713	0	2.043	
9.00116	2.63159	0	2.04685	
9.01638	2.62607	0	2.05071	
9.03162	2.62056	0	2.05459	
9.04687	2.61507	0	2.05848	
9.06215	2.6096	0	2.06239	
9.07745	2.60414	0	2.06632	
9.09276	2.5987	0	2.07026	
9.1081	2.59329	0	2.07422	
9.12346	2.58788	0	2.07819	
9.13883	2.5825	0	2.08219	
9.15423	2.57714	0	2.08619	
9.16965	2.57179	0	2.09022	
9.18508	2.56646	0	2.09426	
9.20054	2.56115	0	2.09832	
9.21602	2.55586	0	2.1024	
9.23152	2.55058	0	2.10649	
9.24704	2.54533	0	2.1106	
9.26258	2.54009	0	2.11473	
9.27814	2.53487	0	2.11887	
9.29372	2.52967	0	2.12303	
9.30933	2.52448	0	2.12721	
9.32495	2.51932	0	2.13141	
9.3406	2.51418	0	2.13562	
9.35626	2.50905	0	2.13985	
9.37195	2.50394	0	2.1441	
9.38766	2.49885	0	2.14836	
9.40339	2.49378	0	2.15264	
9.41914	2.48873	0	2.15694	
9.43492	2.4837	0	2.16126	
9.45071	2.47869	0	2.16559	
9.46653	2.4737	0	2.16995	
9.48237	2.46872	0	2.17431	
9.49822	2.46377	0	2.1787	
9.51411	2.45883	0	2.18311	
9.53001	2.45391	0	2.18753	
9.54594	2.44902	0	2.19197	
9.56188	2.44414	0	2.19643	
9.57785	2.43928	0	2.2009	
9.59384	2.43444	0	2.2054	
9.60986	2.42963	0	2.20991	
9.62589	2.42483	0	2.21444	
9.64195	2.42005	0	2.21898	
9.65803	2.41529	0	2.22355	
9.67413	2.41055	0	2.22813	
9.69026	2.40583	0	2.23273	
9.70641	2.40113	0	2.23735	
9.72258	2.39645	0	2.24199	
9.73877	2.39179	0	2.24665	
9.75499	2.38715	0	2.25132	
9.77122	2.38253	0	2.25601	
9.78749	2.37793	0	2.26072	
9.80377	2.37336	0	2.26545	
9.82008	2.3688	0	2.2702	
9.83641	2.36426	0	2.27496	
9.85276	2.35974	0	2.27974	
9.86913	2.35525	0	2.28454	
9.88553	2.35077	0	2.28936	
9.90195	2.34632	0	2.2942	
9.9184	2.34188	0	2.29906	
9.93487	2.33747	0	2.30393	
9.95136	2.33307	0	2.30883	
9.96787	2.3287	0	2.31374	
9.98441	2.32435	0	2.31867	
10.001	2.32002	0	2.32362	
10.0176	2.31571	0	2.32858	
10.0342	2.31142	0	2.33357	
10.0508	2.30715	0	2.33857	
10.0675	2.3029	0	2.3436	
10.0841	2.29868	0	2.34864	
10.1008	2.29447	0	2.3537	
10.1176	2.29029	0	2.35877	
10.1343	2.28613	0	2.36387	
10.1511	2.28199	0	2.36899	
10.1679	2.27787	0	2.37412	
10.1847	2.27377	0	2.37927	
10.2015	2.26969	0	2.38444	
10.2184	2.26564	0	2.38963	
10.2353	2.26161	0	2.39484	
10.2522	2.25759	0	2.40007	
10.2692	2.2536	0	2.40531	
10.2861	2.24963	0	2.41058	
10.3031	2.24569	0	2.41586	
10.3201	2.24176	0	2.42116	
10.3372	2.23786	0	2.42648	
10.3542	2.23398	0	2.43182	
10.3713	2.23012	0	2.43717	
10.3884	2.22628	0	2.44255	
10.4055	2.22246	0	2.44794	
10.4227	2.21867	0	2.45335	
10.4399	2.2149	0	2.45878	
10.4571	2.21115	0	2.46423	
10.4743	2.20742	0	2.4697	
10.4916	2.20371	0	2.47519	
10.5088	2.20003	0	2.48069	
10.5261	2.19637	0	2.48621	
10.5435	2.19273	0	2.49175	
10.5608	2.18911	0	2.49731	
10.5782	2.18551	0	2.50289	
10.5956	2.18194	0	2.50849	
10.613	2.17839	0	2.5141	
10.6305	2.17486	0	2.51973	
10.6479	2.17136	0	2.52539	
10.6654	2.16787	0	2.53105	
10.6829	2.16441	0	2.53674	
10.7005	2.16097	0	2.54245	
10.718	2.15756	0	2.54817	
10.7356	2.15416	0	2.55391	
10.7532	2.15079	0	2.55967	
10.7709	2.14745	0	2.56545	
10.7885	2.14412	0	2.57125	
10.8062	2.14082	0	2.57706	
10.8239	2.13754	0	2.58289	
10.8417	2.13428	0	2.58874	
10.8594	2.13104	0	2.59461	
10.8772	2.12783	0	2.6005	
10.895	2.12464	0	2.6064	
10.9128	2.12148	0	2.61232	
10.9307	2.11833	0	2.61826	
10.9486	2.11521	0	2.62421	
10.9665	2.11211	0	2.63019	
10.9844	2.10904	0	2.63618	
11.0023	2.10598	0	2.64219	
11.0203	2.10296	0	2.64821	
11.0383	2.09995	0	2.65426	
11.0563	2.09696	0	2.66032	
11.0743	2.094	0	2.66639	
11.0924	2.09107	0	2.67249	
11.1105	2.08815	0	2.6786	
11.1286	2.08526	0	2.68473	
11.1467	2.08239	0	2.69087	
11.1649	2.07955	0	2.69704	
11.1831	2.07672	0	2.70322	
11.2013	2.07392	0	2.70941	
11.2195	2.07115	0	2.71563	
11.2377	2.06839	0	2.72186	
11.256	2.06566	0	2.7281	
11.2743	2.06296	0	2.73437	
11.2926	2.06027	0	2.74064	
11.3109	2.05761	0	2.74694	
11.3293	2.05497	0	2.75325	
11.3477	2.05236	0	2.75958	
11.3661	2.04977	0	2.76592	
11.3845	2.0472	0	2.77228	
11.403	2.04466	0	2.77866	
11.4214	2.04213	0	2.78505	
11.4399	2.03964	0	2.79146	
11.4584	2.03716	0	2.79788	
11.477	2.03471	0	2.80432	
11.4955	2.03228	0	2.81077	
11.5141	2.02987	0	2.81724	
11.5327	2.02749	0	2.82373	
11.5513	2.02513	0	2.83023	
11.57	2.0228	0	2.83674	
11.5886	2.02049	0	2.84327	
11.6073	2.0182	0	2.84982	
11.626	2.01593	0	2.85638	
11.6447	2.01369	0	2.86295	
11.6635	2.01147	0	2.86954	
11.6822	2.00927	0	2.87614	
11.701	2.0071	0	2.88276	
11.7198	2.00495	0	2.88939	
11.7387	2.00283	0	2.89604	
11.7575	2.00072	0	2.9027	
11.7764	1.99865	0	2.90937	
11.7952	1.99659	0	2.91606	
11.8141	1.99456	0	2.92276	
11.8331	1.99255	0	2.92948	
11.852	1.99056	0	2.93621	
11.871	1.9886	0	2.94295	
11.89	1.98666	0	2.9497	
11.909	1.98475	0	2.95647	
11.928	1.98285	0	2.96325	
11.947	1.98098	0	2.97005	
11.9661	1.97914	0	2.97685	
11.9851	1.97732	0	2.98367	
12.0042	1.97552	0	2.99051	
12.0233	1.97374	0	2.99735	
12.0425	1.97199	0	3.00421	
12.0616	1.97026	0	3.01108	
12.0808	1.96856	0	3.01796	
12.0999	1.96687	0	3.02485	
12.1191	1.96521	0	3.03175	
12.1383	1.96358	0	3.03867	
12.1576	1.96197	0	3.0456	
12.1768	1.96038	0	3.05254	
12.1961	1.95881	0	3.05949	
12.2153	1.95727	0	3.06645	
12.2346	1.95575	0	3.07342	
12.2539	1.95426	0	3.0804	
12.2733	1.95278	0	3.0874	
12.2926	1.95133	0	3.0944	
12.3119	1.94991	0	3.10141	
12.3313	1.94851	0	3.10844	
12.3507	1.94713	0	3.11547	
12.3701	1.94577	0	3.12252	
12.3895	1.94444	0	3.12957	
12.4089	1.94313	0	3.13663	
12.4284	1.94185	3.14159	3.13948	
12.4478	1.94058	6.28319	3.13663	
12.4673	1.93934	3.14159	3.13947	
12.4868	1.93813	4.33681e-19	3.13662	
12.5062	1.93693	3.14159	3.13946	
12.5258	1.93577	4.33681e-19	3.13661	
12.5453	1.93462	3.14159	3.13945	
12.5648	1.9335	4.33681e-19	3.1366	
12.5843	1.9324	3.14159	3.13944	
12.6039	1.93132	4.33681e-19	3.13659	
12.6235	1.93027	3.14159	3.13944	
12.643	1.92924	4.33681e-19	3.13658	
12.6626	1.92823	3.14159	3.13943	
12.6822	1.92725	4.33681e-19	3.13658	
12.7018	1.92629	3.14159	3.13942	
12.7214	1.92535	4.33681e-19	3.13657	
12.7411	1.92444	3.14159	3.13941	
12.7607	1.92355	4.33681e-19	3.13656	
12.7803	1.92268	3.14159	3.13941	
12.8	1.92184	4.33681e-19	3.13656	
12.8197	1.92101	3.14159	3.1394	
12.8393	1.92022	4.33681e-19	3.13655	
12.859	1.91944	3.14159	3.13939	
12.8787	1.91869	4.33681e-19	3.13654	
12.8984	1.91796	3.14159	3.13939	
12.9181	1.91726	4.33681e-19	3.13654	
12.9379	1.91658	3.14159	3.13938	
12.9576	1.91592	4.33681e-19	3.13653	
12.9773	1.91528	3.14159	3.13938	
12.997	1.91467	4.33681e-19	3.13653	
13.0168	1.91408	3.14159	3.13937	
13.0365	1.91352	4.33681e-19	3.13652	
13.0563	1.91297	3.14159	3.13937	
13.0761	1.91246	4.33681e-19	3.13652	
13.0958	1.91196	3.14159	3.13937	
13.1156	1.91149	4.33681e-19	3.13652	
13.1354	1.91104	3.14159	3.13936	
13.1552	1.91061	4.33681e-19	3.13651	
13.175	1.91021	3.14159	3.13936	
13.1948	1.90983	4.33681e-19	3.13651	
13.2146	1.90947	3.14159	3.13936	
13.2344	1.90913	4.33681e-19	3.13651	
13.2542	1.90882	3.14159	3.13935	
13.274	1.90853	4.33681e-19	3.13651	
13.2938	1.90827	3.14159	3.13935	
13.3136	1.90803	4.33681e-19	3.1365	
13.3334	1.90781	3.14159	3.13935	
13.3533	1.90762	4.33681e-19	3.1365	
13.3731	1.90744	3.14159	3.13935	
13.3929	1.90729	4.33681e-19	3.1365	
13.4127	1.90717	3.14159	3.13935	
13.4326	1.90707	4.33681e-19	3.1365	
13.4524	1.90699	3.14159	3.13935	
13.4722	1.90693	4.33681e-19	3.1365	
13.492	1.9069	3.14159	3.13935	
13.5119	1.90689	4.33681e-19	3.1365	
13.5317	1.9069	3.14159	3.13935	
13.5515	1.90693	4.33681e-19	3.1365	
13.5714	1.90699	3.14159	3.13935	
13.5912	1.90708	4.33681e-19	3.1365	
13.611	1.90718	3.14159	3.13935	
13.6308	1.90731	4.33681e-19	3.1365	
13.6507	1.90746	3.14159	3.13935	
13.6705	1.90764	4.33681e-19	3.1365	
13.6903	1.90784	3.14159	3.13935	
13.7101	1.90806	4.33681e-19	3.1365	
13.73	1.9083	3.14159	3.13935	
13.7498	1.90857	4.33681e-19	3.13651	
13.7696	1.90886	3.14159	3.13935	
13.7894	1.90917	4.33681e-19	3.13651	
13.8092	1.90951	3.14159	3.13936	
13.829	1.90987	4.33681e-19	3.13651	
13.8488	1.91025	3.14159	3.13936	
13.8686	1.91066	4.33681e-19	3.13651	
13.8883	1.91109	3.14159	3.13936	
13.9081	1.91154	4.33681e-19	3.13652	
13.9279	1.91202	3.14159	3.13937	
13.9477	1.91252	4.33681e-19	3.13652	
13.9674	1.91304	3.14159	3.13937	
13.9872	1.91359	4.33681e-19	3.13652	
14.0069	1.91415	3.14159	3.13937	
14.0267	1.91475	4.33681e-19	3.13653	
14.0464	1.91536	3.14159	3.13938	
14.0662	1.916	4.33681e-19	3.13653	
14.0859	1.91666	3.14159	3.13938	
14.1056	1.91735	4.33681e-19	3.13654	
14.1253	1.91805	3.14159	3.13939	
14.145	1.91879	4.33681e-19	3.13654	
14.1647	1.91954	3.14159	3.13939	
14.1844	1.92032	4.33681e-19	3.13655	
14.2041	1.92112	3.14159	3.1394	
14.2237	1.92194	4.33681e-19	3.13656	
14.2434	1.92279	3.14159	3.13941	
14.263	1.92366	4.33681e-19	3.13656	
14.2827	1.92455	3.14159	3.13941	
14.3023	1.92547	4.33681e-19	3.13657	
14.3219	1.92641	3.14159	3.13942	
14.3415	1.92737	4.33681e-19	3.13658	
14.3611	1.92836	3.14159	3.13943	
14.3807	1.92937	4.33681e-19	3.13658	
14.4003	1.9304	3.14159	3.13944	
14.4198	1.93146	4.33681e-19	3.13659	
14.4394	1.93254	3.14159	3.13944	
14.4589	1.93364	4.33681e-19	3.1366	
14.4784	1.93477	3.14159	3.13945	
14.498	1.93592	4.33681e-19	3.13661	
14.5175	1.93709	3.14159	3.13946	
14.5369	1.93829	4.33681e-19	3.13662	
14.5564	1.93951	3.14159	3.13947	
14.5759	1.94075	4.33681e-19	3.13663	
14.5953	1.94202	3.14159	3.13948	
14.6148	1.94331	4.33681e-19	3.13664	
14.6342	1.94462	3.14159	3.13949	
14.6536	1.94596	4.33681e-19	3.13664	
14.673	1.94732	3.14159	3.1395	
14.6924	1.9487	4.33681e-19	3.13665	
14.7117	1.95011	3.14159	3.13951	
14.7311	1.95154	4.33681e-19	3.13667	
14.7504	1.95299	3.14159	3.13952	
14.7697	1.95447	4.33681e-19	3.13668	
14.7891	1.95597	3.14159	3.13953	
14.8083	1.95749	4.33681e-19	3.13669	
14.8276	1.95904	3.14159	3.13954	
14.8469	1.96061	4.33681e-19	3.1367	
14.8661	1.9622	3.14159	3.13955	
14.8853	1.96382	4.33681e-19	3.13671	
14.9045	1.96546	3.14159	3.13956	
14.9237	1.96712	4.33681e-19	3.13672	
14.9429	1.96881	3.14159	3.13957	
14.9621	1.97052	4.33681e-19	3.13673	
14.9812	1.97225	3.14159	3.13959	
15.0003	1.97401	4.33681e-19	3.13674	
15.0194	1.97579	3.14159	3.1396	
15.0385	1.97759	4.33681e-19	3.13676	
15.0576	1.97942	3.14159	3.13961	
15.0766	1.98127	4.33681e-19	3.13677	
15.0957	1.98315	3.14159	3.13962	
15.1147	1.98504	4.33681e-19	3.13678	
15.1337	1.98696	3.14159	3.13964	
15.1527	1.98891	4.33681e-19	3.1368	
15.1716	1.99088	3.14159	3.13965	
15.1906	1.99287	4.33681e-19	3.13681	
15.2095	1.99488	3.14159	3.13966	
15.2284	1.99692	4.33681e-19	3.13682	
15.2473	1.99898	3.14159	3.13968	
15.2661	2.00107	4.33681e-19	3.13684	
15.285	2.00317	3.14159	3.13969	
15.3038	2.00531	4.33681e-19	3.13685	
15.3226	2.00746	3.14159	3.13971	
15.3414	2.00964	4.33681e-19	3.13686	
15.3602	2.01184	3.14159	3.13972	
15.3789	2.01407	4.33681e-19	3.13688	
15.3976	2.01631	3.14159	3.13973	
15.4163	2.01859	4.33681e-19	3.13689	
15.435	2.02088	3.14159	3.13975	
15.4537	2.0232	4.33681e-19	3.13691	
15.4723	2.02554	3.14159	3.13976	
15.4909	2.02791	4.33681e-19	3.13692	
15.5095	2.03029	3.14159	3.13978	
15.5281	2.03271	4.33681e-19	3.13694	
15.5466	2.03514	3.14159	3.13979	
15.5652	2.0376	4.33681e-19	3.13695	
15.5837	2.04008	3.14159	3.13981	
15.6022	2.04259	4.33681e-19	3.13697	
15.6206	2.04512	3.14159	3.13983	
15.6391	2.04767	4.33681e-19	3.13699	
15.6575	2.05024	3.14159	3.13984	
15.6759	2.05284	4.33681e-19	3.137	
15.6943	2.05546	3.14159	3.13986	
15.7126	2.05811	4.33681e-19	3.13702	
15.731	2.06077	3.14159	3.13987	
15.7493	2.06347	4.33681e-19	3.13703	
15.7676	2.06618	3.14159	3.13989	
15.7858	2.06892	4.33681e-19	3.13705	
15.8041	2.07168	3.14159	3.13991	
15.8223	2.07446	4.33681e-19	3.13707	
15.8405	2.07727	3.14159	3.13992	
15.8587	2.0801	4.33681e-19	3.13708	
15.8768	2.08295	3.14159	3.13994	
15.895	2.08583	4.33681e-19	3.1371	
15.9131	2.08873	3.14159	3.13996	
15.9312	2.09165	4.33681e-19	3.13712	
15.9492	2.0946	3.14159	3.13997	
15.9673	2.09757	4.33681e-19	3.13714	
15.9853	2.10056	3.14159	3.13999	
16.0033	2.10357	4.33681e-19	3.13715	
16.0212	2.10661	3.14159	3.14001	
16.0392	2.10967	4.33681e-19	3.13717	
16.0571	2.11276	3.14159	3.14003	
16.075	2.11586	4.33681e-19	3.13719	
16.0929	2.11899	3.14159	3.14004	
16.1107	2.12215	4.33681e-19	3.13721	
16.1285	2.12532	3.14159	3.14006	
16.1463	2.12852	4.33681e-19	3.13722	
16.1641	2.13174	3.14159	3.14008	
16.1819	2.13498	4.33681e-19	3.13724	
16.1996	2.13825	3.14159	3.1401	
16.2173	2.14154	4.33681e-19	3.13726	
16.235	2.14485	3.14159	3.14012	
16.2526	2.14819	4.33681e-19	3.13728	
16.2703	2.15155	3.14159	3.14013	
16.2879	2.15493	4.33681e-19	3.1373	
16.3055	2.15833	3.14159	3.14015	
16.323	2.16175	4.33681e-19	3.13731	
16.3406	2.1652	3.14159	3.14017	
16.3581	2.16867	4.33681e-19	3.13733	
16.3756	2.17216	3.14159	3.14019	
16.393	2.17568	4.33681e-19	3.13735	
16.4105	2.17922	3.14159	3.14021	
16.4279	2.18278	4.33681e-19	3.13737	
16.4453	2.18636	3.14159	3.14022	
16.4627	2.18997	4.33681e-19	3.13739	
16.48	2.19359	3.14159	3.14024	
16.4973	2.19724	4.33681e-19	3.1374	
16.5146	2.20092	3.14159	3.14026	
16.5319	2.20461	4.33681e-19	3.13742	
16.5492	2.20833	3.14159	3.14028	
16.5664	2.21207	4.33681e-19	3.13744	
16.5836	2.21583	3.14159	3.1403	
16.6008	2.21961	4.33681e-19	3.13746	
16.6179	2.22341	3.14159	3.14032	
16.6351	2.22724	4.33681e-19	3.13748	
16.6522	2.23109	3.14159	3.14034	
16.6692	2.23496	4.33681e-19	3.1375	
16.6863	2.23885	3.14159	3.14035	
16.7033	2.24277	4.33681e-19	3.13752	
16.7203	2.2467	3.14159	3.14037	
16.7373	2.25066	4.33681e-19	3.13753	
16.7543	2.25464	3.14159	3.14039	
16.7712	2.25864	4.33681e-19	3.13755	
16.7881	2.26267	3.14159	3.14041	
16.805	2.26671	4.33681e-19	3.13757	
16.8219	2.27078	3.14159	3.14043	
16.8387	2.27487	4.33681e-19	3.13759	
16.8556	2.27898	3.14159	3.14045	
16.8724	2.28311	4.33681e-19	3.13761	
16.8891	2.28726	3.14159	3.14047	
16.9059	2.29143	4.33681e-19	3.13763	
16.9226	2.29563	3.14159	3.14048	
16.9393	2.29985	4.33681e-19	3.13765	
16.956	2.30408	3.14159	3.1405	
16.9726	2.30834	4.33681e-19	3.13766	
16.9893	2.31262	3.14159	3.14052	
17.0059	2.31692	4.33681e-19	3.13768	
17.0225	2.32125	3.14159	3.14054	
17.039	2.32559	4.33681e-19	3.1377	
17.0556	2.32995	3.14159	3.14056	
17.0721	2.33434	4.33681e-19	3.13772	
17.0886	2.33874	3.14159	3.14058	
17.105	2.34317	4.33681e-19	3.13774	
17.1215	2.34762	3.14159	3.14059	
17.1379	2.35209	4.33681e-19	3.13776	
17.1543	2.35658	3.14159	3.14061	
17.1707	2.36109	4.33681e-19	3.13777	
17.187	2.36562	3.14159	3.14063	
17.2034	2.37017	4.33681e-19	3.13779	
17.2197	2.37474	3.14159	3.14065	
17.2359	2.37933	4.33681e-19	3.13781	
17.2522	2.38394	3.14159	3.14067	
17.2684	2.38857	4.33681e-19	3.13783	
17.2847	2.39323	3.14159	3.14069	
17.3008	2.3979	4.33681e-19	3.13785	
17.317	2.40259	3.14159	3.1407	
17.3332	2.4073	4.33681e-19	3.13787	
17.3493	2.41204	3.14159	3.14072	
17.3654	2.41679	4.33681e-19	3.13788	
17.3815	2.42156	3.14159	3.14074	
17.3975	2.42636	4.33681e-19	3.1379	
17.4136	2.43117	3.14159	3.14076	
17.4296	2.436	4.33681e-19	3.13792	
17.4456	2.44085	3.14159	3.14078	
17.4615	2.44572	4.33681e-19	3.13794	
17.4775	2.45062	3.14159	3.14079	
17.4934	2.45553	4.33681e-19	3.13796	
17.5093	2.46046	3.14159	3.14081	
17.5252	2.46541	4.33681e-19	3.13797	
17.5411	2.47038	3.14159	3.14083	
17.5569	2.47536	4.33681e-19	3.13799	
17.5727	2.48037	3.14159	3.14085	
17.5885	2.4854	4.33681e-19	3.13801	
17.6043	2.49045	3.14159	3.14086	
17.62	2.49551	4.33681e-19	3.13803	
17.6358	2.5006	3.14159	3.14088	
17.6515	2.5057	4.33681e-19	3.13804	
17.6672	2.51082	3.14159	3.1409	
17.6828	2.51596	4.33681e-19	3.13806	
17.6985	2.52112	3.14159	3.14092	
17.7141	2.5263	4.33681e-19	3.13808	
17.7297	2.5315	3.14159	3.14093	
17.7453	2.53671	4.33681e-19	3.13809	
17.7608	2.54195	3.14159	3.14095	
17.7764	2.5472	4.33681e-19	3.13811	
17.7919	2.55247	3.14159	3.14097	
17.8074	2.55776	4.33681e-19	3.13813	
17.8229	2.56307	3.14159	3.14098	
17.8383	2.5684	4.33681e-19	3.13815	
17.8538	2.57374	3.14159	3.141	
17.8692	2.5791	4.33681e-19	3.13816	
17.8846	2.58448	3.14159	3.14102	
17.9	2.58988	4.33681e-19	3.13818	
17.9153	2.5953	3.14159	3.14103	
17.9307	2.60073	4.33681e-19	3.1382	
17.946	2.60619	3.14159	3.14105	
17.9613	2.61166	4.33681e-19	3.13821	
17.9766	2.61714	3.14159	3.14107	
17.9918	2.62265	4.33681e-19	3.13823	
18.007	2.62817	3.14159	3.14108	
18.0223	2.63371	4.33681e-19	3.13824	
18.0375	2.63927	3.14159	3.1411	
18.0526	2.64485	4.33681e-19	3.13826	
18.0678	2.65044	3.14159	3.14112	
18.0829	2.65605	4.33681e-19	3.13828	
18.0981	2.66168	3.14159	3.14113	
18.1132	2.66732	4.33681e-19	3.13829	
18.1283	2.67298	3.14159	3.14115	
18.1433	2.67866	4.33681e-19	3.13831	
18.1584	2.68436	3.14159	3.14116	
18.1734	2.69007	4.33681e-19	3.13832	
18.1884	2.6958	3.14159	3.14118	
18.2034	2.70154	4.33681e-19	3.13834	
18.2183	2.70731	3.14159	3.1412	
18.2333	2.71309	4.33681e-19	3.13836	
18.2482	2.71888	3.14159	3.14121	
18.2631	2.72469	4.33681e-19	3.13837	
18.278	2.73052	3.14159	3.14123	
18.2929	2.73637	4.33681e-19	3.13839	
18.3078	2.74223	3.14159	3.14124	
18.3226	2.74811	4.33681e-19	3.1384	
18.3374	2.754	3.14159	3.14126	
18.3522	2.75991	4.33681e-19	3.13842	
18.367	2.76584	3.14159	3.14127	
18.3818	2.77178	4.33681e-19	3.13843	
18.3965	2.77774	3.14159	3.14129	
18.4113	2.78371	4.33681e-19	3.13845	
18.426	2.7897	3.14159	3.1413	
18.4407	2.79571	4.33681e-19	3.13846	
18.4554	2.80173	3.14159	3.14132	
18.47	2.80777	4.33681e-19	3.13848	
18.4847	2.81382	3.14159	3.14133	
18.4993	2.81989	4.33681e-19	3.13849	
18.5139	2.82597	3.14159	3.14134	
18.5285	2.83207	4.33681e-19	3.1385	
18.5431	2.83819	3.14159	3.14136	
18.5576	2.84432	4.33681e-19	3.13852	
18.5722	2.85046	3.14159	3.14137	
18.5867	2.85662	4.33681e-19	3.13853	
18.6012	2.8628	3.14159	3.14139	
18.6157	2.86899	4.33681e-19	3.13855	
18.6302	2.87519	3.14159	3.1414	
18.6446	2.88141	4.33681e-19	3.13856	
18.6591	2.88765	3.14159	3.14142	
18.6735	2.8939	4.33681e-19	3.13857	
18.6879	2.90016	3.14159	3.14143	
18.7023	2.90644	4.33681e-19	3.13859	
18.7167	2.91273	3.14159	3.14144	
18.731	2.91904	4.33681e-19	3.1386	
18.7454	2.92536	3.14159	3.14146	
18.7597	2.9317	4.33681e-19	3.13862	
18.774	2.93805	3.14159	3.14147	
18.7883	2.94442	4.33681e-19	3.13863	
18.8026	2.9508	3.14159	3.14148	
18.8168	2.95719	4.33681e-19	3.13864	
18.8311	2.9636	3.14159	3.1415	
18.8453	2.97002	4.33681e-19	3.13866	
18.8595	2.97646	3.14159	3.14151	
18.8737	2.98291	4.33681e-19	3.13867	
18.8879	2.98937	3.14159	3.14152	
18.9021	2.99585	4.33681e-19	3.13868	
18.9162	3.00234	3.14159	3.14154	
18.9304	3.00885	4.33681e-19	3.13869	
18.9445	3.01537	3.14159	3.14155	
18.9586	3.0219	4.33681e-19	3.13871	
18.9727	3.02845	3.14159	3.14156	
18.9868	3.03501	4.33681e-19	3.13872	
19.0009	3.04158	3.14159	3.14157	
19.0149	3.04816	4.33681e-19	3.13873	
19.0289	3.05476	3.14159	3.14159	
19.043	3.06138	4.33681e-19	3.13874	
19.057	3.068	4.33681e-19	3.14159	
19.071	3.07464	3.14159	3.13877	
19.0849	3.08129	3.14159	3.14159	
19.0989	3.08796	4.33681e-19	3.13879	
19.1128	3.09464	4.33681e-19	3.14159	
19.1268	3.10133	3.14159	3.13882	
19.1407	3.10803	3.14159	3.14159	
19.1546	3.11475	4.33681e-19	3.13884	
19.1685	3.12148	4.33681e-19	3.14159	
19.1824	3.12822	3.14159	3.13886	
19.1962	3.13497	3.14159	3.14159	
19.2101	3.14174	4.33681e-19	3.13889	
19.2239	3.14852	4.33681e-19	3.14159	
19.2377	3.15531	3.14159	3.13891	
19.2515	3.16211	3.14159	3.14159	
19.2653	3.16893	4.33681e-19	3.13893	
19.2791	3.17576	4.33681e-19	3.14159	
19.2929	3.1826	3.14159	3.13896	
19.3066	3.18945	3.14159	3.14159	
19.3203	3.19632	4.33681e-19	3.13898	
19.3341	3.2032	4.33681e-19	3.14159	
19.3478	3.21009	3.14159	3.139	
19.3615	3.21699	3.14159	3.14159	
19.3752	3.2239	4.33681e-19	3.13902	
19.3888	3.23082	4.33681e-19	3.14159	
19.4025	3.23776	3.14159	3.13905	
19.4161	3.24471	3.14159	3.14159	
19.4298	3.25167	4.33681e-19	3.13907	
19.4434	3.25864	4.33681e-19	3.14159	
19.457	3.26562	3.14159	3.13909	
19.4706	3.27262	3.14159	3.14159	
19.4842	3.27962	4.33681e-19	3.13911	
19.4977	3.28664	4.33681e-19	3.14159	
19.5113	3.29367	3.14159	3.13913	
19.5248	3.30071	3.14159	3.14159	
19.5384	3.30776	4.33681e-19	3.13915	
19.5519	3.31482	4.33681e-19	3.14159	
19.5654	3.3219	3.14159	3.13917	
19.5789	3.32898	3.14159	3.14159	
19.5924	3.33608	4.33681e-19	3.13919	
19.6058	3.34318	4.33681e-19	3.14159	
19.6193	3.3503	3.14159	3.13921	
19.6327	3.35743	3.14159	3.14159	
19.6462	3.36457	4.33681e-19	3.13923	
19.6596	3.37172	4.33681e-19	3.14159	
19.673	3.37888	3.14159	3.13925	
19.6864	3.38605	3.14159	3.14159	
19.6998	3.39324	4.33681e-19	3.13927	
19.7131	3.40043	4.33681e-19	3.14159	
19.7265	3.40763	3.14159	3.13929	
19.7398	3.41484	3.14159	3.14159	
19.7532	3.42207	4.33681e-19	3.13931	
19.7665	3.4293	4.33681e-19	3.14159	
19.7798	3.43655	3.14159	3.13933	
19.7931	3.4438	3.14159	3.14159	
19.8064	3.45107	4.33681e-19	3.13935	
19.8197	3.45834	4.33681e-19	3.14159	
19.833	3.46563	3.14159	3.13937	
19.8462	3.47293	3.14159	3.14159	
19.8595	3.48023	4.33681e-19	3.13939	
19.8727	3.48755	4.33681e-19	3.14159	
19.8859	3.49487	3.14159	3.13941	
19.8991	3.50221	3.14159	3.14159	
19.9123	3.50956	4.33681e-19	3.13943	
19.9255	3.51691	4.33681e-19	3.14159	
19.9387	3.52428	3.14159	3.13944	
19.9519	3.53165	3.14159	3.14159	
19.965	3.53904	4.33681e-19	3.13946	
19.9782	3.54643	4.33681e-19	3.14159	
19.9913	3.55383	3.14159	3.13948	
20.0044	3.56125	3.14159	3.14159	
20.0176	3.56867	4.33681e-19	3.1395	
20.0307	3.5761	4.33681e-19	3.14159	
20.0437	3.58355	3.14159	3.13951	
20.0568	3.591	3.14159	3.14159	
20.0699	3.59846	4.33681e-19	3.13953	
20.083	3.60593	4.33681e-19	3.14159	
20.096	3.61341	3.14159	3.13955	
20.1091	3.62089	3.14159	3.14159	
20.1221	3.62839	4.33681e-19	3.13956	
20.1351	3.6359	4.33681e-19	3.14159	
20.1481	3.64341	3.14159	3.13958	
20.1611	3.65094	3.14159	3.14159	
20.1741	3.65847	4.33681e-19	3.1396	
20.1871	3.66601	4.33681e-19	3.14159	
20.2001	3.67357	3.14159	3.13961	
20.213	3.68113	3.14159	3.14159	
20.226	3.68869	4.33681e-19	3.13963	
20.2389	3.69627	4.33681e-19	3.14159	
20.2518	3.70386	3.14159	3.13965	
20.2648	3.71145	3.14159	3.14159	
20.2777	3.71906	4.33681e-19	3.13966	
20.2906	3.72667	4.33681e-19	3.14159	
20.3035	3.73429	3.14159	3.13968	
20.3163	3.74192	3.14159	3.14159	
20.3292	3.74956	4.33681e-19	3.13969	
20.3421	3.75721	4.33681e-19	3.14159	
20.3549	3.76486	3.14159	3.13971	
20.3678	3.77252	3.14159	3.14159	
20.3806	3.78019	4.33681e-19	3.13972	
20.3934	3.78787	4.33681e-19	3.14159	
20.4063	3.79556	3.14159	3.13974	
20.4191	3.80326	3.14159	3.14159	
20.4319	3.81096	4.33681e-19	3.13975	
20.4446	3.81868	4.33681e-19	3.14159	
20.4574	3.8264	3.14159	3.13977	
20.4702	3.83413	3.14159	3.14159	
20.483	3.84186	4.33681e-19	3.13978	
20.4957	3.84961	4.33681e-19	3.14159	
20.5085	3.85736	3.14159	3.1398	
20.5212	3.86512	3.14159	3.14159	
20.5339	3.87289	4.33681e-19	3.13981	
20.5466	3.88066	4.33681e-19	3.14159	
20.5593	3.88845	3.14159	3.13983	
20.572	3.89624	3.14159	3.14159	
20.5847	3.90404	4.33681e-19	3.13984	
20.5974	3.91185	4.33681e-19	3.14159	
20.6101	3.91966	3.14159	3.13985	
20.6227	3.92748	3.14159	3.14159	
20.6354	3.93531	4.33681e-19	3.13987	
20.648	3.94315	4.33681e-19	3.14159	
20.6607	3.951	3.14159	3.13988	
20.6733	3.95885	3.14159	3.14159	
20.6859	3.96671	4.33681e-19	3.1399	
20.6985	3.97458	4.33681e-19	3.14159	
20.7111	3.98245	3.14159	3.13991	
20.7237	3.99033	3.14159	3.14159	
20.7363	3.99822	4.33681e-19	3.13992	
20.7489	4.00612	4.33681e-19	3.14159	
20.7615	4.01402	3.14159	3.13993	
20.774	4.02193	3.14159	3.14159	
20.7866	4.02985	4.33681e-19	3.13995	
20.7991	4.03778	4.33681e-19	3.14159	
20.8117	4.04571	3.14159	3.13996	
20.8242	4.05365	3.14159	3.14159	
20.8367	4.0616	4.33681e-19	3.13997	
20.8492	4.06955	4.33681e-19	3.14159	
20.8618	4.07751	3.14159	3.13999	
20.8743	4.08548	3.14159	3.14159	
20.8867	4.09345	4.33681e-19	3.14	
20.8992	4.10143	4.33681e-19	3.14159	
20.9117	4.10942	3.14159	3.14001	
20.9242	4.11741	3.14159	3.14159	
20.9366	4.12542	4.33681e-19	3.14002	
20.9491	4.13342	4.33681e-19	3.14159	
20.9615	4.14144	3.14159	3.14003	
20.974	4.14946	3.14159	3.14159	
20.9864	4.15749	4.33681e-19	3.14005	
20.9988	4.16552	4.33681e-19	3.14159	
21.0112	4.17357	3.14159	3.14006	
21.0236	4.18161	3.14159	3.14159	
21.036	4.18967	4.33681e-19	3.14007	
21.0484	4.19773	4.33681e-19	3.14159	
21.0608	4.2058	3.14159	3.14008	
21.0732	4.21387	3.14159	3.14159	
21.0855	4.22195	4.33681e-19	3.14009	
21.0979	4.23004	4.33681e-19	3.14159	
21.1103	4.23813	3.14159	3.14011	
21.1226	4.24623	3.14159	3.14159	
21.1349	4.25433	4.33681e-19	3.14012	
21.1473	4.26245	4.33681e-19	3.14159	
21.1596	4.27056	3.14159	3.14013	
21.1719	4.27869	3.14159	3.14159	
21.1842	4.28682	4.33681e-19	3.14014	
21.1965	4.29495	4.33681e-19	3.14159	
21.2088	4.3031	3.14159	3.14015	
21.2211	4.31125	3.14159	3.14159	
21.2334	4.3194	4.33681e-19	3.14016	
21.2457	4.32756	4.33681e-19	3.14159	
21.258	4.33573	3.14159	3.14017	
21.2702	4.3439	3.14159	3.14159	
21.2825	4.35208	4.33681e-19	3.14018	
21.2947	4.36026	4.33681e-19	3.14159	
21.307	4.36845	3.14159	3.14019	
21.3192	4.37665	3.14159	3.14159	
21.3314	4.38485	4.33681e-19	3.1402	
21.3436	4.39306	4.33681e-19	3.14159	
21.3559	4.40127	3.14159	3.14021	
21.3681	4.40949	3.14159	3.14159	
21.3803	4.41772	4.33681e-19	3.14022	
21.3925	4.42595	4.33681e-19	3.14159	
21.4046	4.43419	3.14159	3.14023	
21.4168	4.44243	3.14159	3.14159	
21.429	4.45068	4.33681e-19	3.14024	
21.4412	4.45893	4.33681e-19	3.14159	
21.4533	4.46719	3.14159	3.14025	
21.4655	4.47545	3.14159	3.14159	
21.4776	4.48372	4.33681e-19	3.14026	
21.4898	4.492	4.33681e-19	3.14159	
21.5019	4.50028	3.14159	3.14027	
21.514	4.50857	3.14159	3.14159	
21.5262	4.51686	4.33681e-19	3.14028	
21.5383	4.52516	4.33681e-19	3.14159	
21.5504	4.53346	3.14159	3.14029	
21.5625	4.54177	3.14159	3.14159	
21.5746	4.55008	4.33681e-19	3.1403	
21.5867	4.5584	4.33681e-19	3.14159	
21.5988	4.56672	3.14159	3.14031	
21.6108	4.57505	3.14159	3.14159	
21.6229	4.58339	4.33681e-19	3.14032	
21.635	4.59173	4.33681e-19	3.14159	
21.6471	4.60007	3.14159	3.14033	
21.6591	4.60842	3.14159	3.14159	
21.6712	4.61677	4.33681e-19	3.14034	
21.6832	4.62513	4.33681e-19	3.14159	
21.6952	4.6335	3.14159	3.14035	
21.7073	4.64187	3.14159	3.14159	
21.7193	4.65025	4.33681e-19	3.14036	
21.7313	4.65863	4.33681e-19	3.14159	
21.7433	4.66701	3.14159	3.14037	
21.7553	4.6754	3.14159	3.14159	
21.7673	4.6838	4.33681e-19	3.14038	
21.7793	4.6922	4.33681e-19	3.14159	
21.7913	4.7006	3.14159	3.14038	
21.8033	4.70901	3.14159	3.14159	
21.8153	4.71743	4.33681e-19	3.14039	
21.8272	4.72585	4.33681e-19	3.14159	
21.8392	4.73427	3.14159	3.1404	
21.8512	4.7427	3.14159	3.14159	
21.8631	4.75113	4.33681e-19	3.14041	
21.8751	4.75957	4.33681e-19	3.14159	
21.887	4.76802	3.14159	3.14042	
21.899	4.77646	3.14159	3.14159	
21.9109	4.78492	4.33681e-19	3.14043	
21.9228	4.79338	4.33681e-19	3.14159	
21.9347	4.80184	3.14159	3.14043	
21.9467	4.8103	3.14159	3.14159	
21.9586	4.81878	4.33681e-19	3.14044	
21.9705	4.82725	4.33681e-19	3.14159	
21.9824	4.83573	3.14159	3.14045	
21.9943	4.84422	3.14159	3.14159	
22.0062	4.85271	4.33681e-19	3.14046	
22.018	4.8612	4.33681e-19	3.14159	
22.0299	4.8697	3.14159	3.14047	
22.0418	4.8782	3.14159	3.14159	
22.0537	4.88671	4.33681e-19	3.14047	
22.0655	4.89522	4.33681e-19	3.14159	
22.0774	4.90374	3.14159	3.14048	
22.0892	4.91226	3.14159	3.14159	
22.1011	4.92079	4.33681e-19	3.14049	
22.1129	4.92932	4.33681e-19	3.14159	
22.1248	4.93785	3.14159	3.1405	
22.1366	4.94639	3.14159	3.14159	
22.1484	4.95493	4.33681e-19	3.14051	
22.1602	4.96348	4.33681e-19	3.14159	
22.172	4.97203	3.14159	3.14051	
22.1839	4.98058	3.14159	3.14159	
22.1957	4.98914	4.33681e-19	3.14052	
22.2075	4.99771	4.33681e-19	3.14159	
22.2193	5.00627	3.14159	3.14053	
22.231	5.01485	3.14159	3.14159	
22.2428	5.02342	4.33681e-19	3.14053	
22.2546	5.032	4.33681e-19	3.14159	
22.2664	5.04059	3.14159	3.14054	
22.2782	5.04918	3.14159	3.14159	
22.2899	5.05777	4.33681e-19	3.14055	
22.3017	5.06636	4.33681e-19	3.14159	
22.3134	5.07497	3.14159	3.14055	
22.3252	5.08357	3.14159	3.14159	
22.3369	5.09218	4.33681e-19	3.14056	
22.3487	5.10079	4.33681e-19	3.14159	
22.3604	5.10941	3.14159	3.14057	
22.3721	5.11803	3.14159	3.14159	
22.3839	5.12665	4.33681e-19	3.14058	
22.3956	5.13528	4.33681e-19	3.14159	
22.4073	5.14391	3.14159	3.14058	
22.419	5.15255	3.14159	3.14159	
22.4307	5.16119	4.33681e-19	3.14059	
22.4424	5.16983	4.33681e-19	3.14159	
22.4541	5.17848	3.14159	3.1406	
22.4658	5.18713	3.14159	3.14159	
22.4775	5.19579	4.33681e-19	3.1406	
22.4892	5.20445	4.33681e-19	3.14159	
22.5009	5.21311	3.14159	3.14061	
22.5125	5.22178	3.14159	3.14159	
22.5242	5.23045	4.33681e-19	3.14062	
22.5359	5.23912	4.33681e-19	3.14159	
22.5475	5.2478	3.14159	3.14062	
22.5592	5.25648	3.14159	3.14159	
22.5708	5.26517	4.33681e-19	3.14063	
22.5825	5.27386	4.33681e-19	3.14159	
22.5941	5.28255	3.14159	3.14063	
22.6058	5.29125	3.14159	3.14159	
22.6174	5.29995	4.33681e-19	3.14064	
22.629	5.30865	4.33681e-19	3.14159	
22.6407	5.31736	3.14159	3.14065	
22.6523	5.32607	3.14159	3.14159	
22.6639	5.33478	4.33681e-19	3.14065	
22.6755	5.3435	4.33681e-19	3.14159	
22.6871	5.35222	3.14159	3.14066	
22.6987	5.36094	3.14159	3.14159	
22.7103	5.36967	4.33681e-19	3.14067	
22.7219	5.3784	4.33681e-19	3.14159	
22.7335	5.38714	3.14159	3.14067	
22.7451	5.39588	3.14159	3.14159	
22.7567	5.40462	4.33681e-19	3.14068	
22.7682	5.41337	4.33681e-19	3.14159	
22.7798	5.42211	3.14159	3.14068	
22.7914	5.43087	3.14159	3.14159	
22.803	5.43962	4.33681e-19	3.14069	
22.8145	5.44838	4.33681e-19	3.14159	
22.8261	5.45714	3.14159	3.1407	
22.8376	5.46591	3.14159	3.14159	
22.8492	5.47468	4.33681e-19	3.1407	
22.8607	5.48345	4.33681e-19	3.14159	
22.8723	5.49223	3.14159	3.14071	
22.8838	5.50101	3.14159	3.14159	
22.8953	5.50979	4.33681e-19	3.14071	
22.9068	5.51857	4.33681e-19	3.14159	
22.9184	5.52736	3.14159	3.14072	
22.9299	5.53615	3.14159	3.14159	
22.9414	5.54495	4.33681e-19	3.14072	
22.9529	5.55375	4.33681e-19	3.14159	
22.9644	5.56255	3.14159	3.14073	
22.9759	5.57135	3.14159	3.14159	
22.9874	5.58016	4.33681e-19	3.14074	
22.9989	5.58897	4.33681e-19	3.14159	
23.0104	5.59779	3.14159	3.14074	
23.0219	5.6066	3.14159	3.14159	
23.0334	5.61542	4.33681e-19	3.14075	
23.0449	5.62425	4.33681e-19	3.14159	
23.0563	5.63307	3.14159	3.14075	
23.0678	5.6419	3.14159	3.14159	
23.0793	5.65074	4.33681e-19	3.14076	
23.0907	5.65957	4.33681e-19	3.14159	
23.1022	5.66841	3.14159	3.14076	
23.1137	5.67725	3.14159	3.14159	
23.1251	5.6861	4.33681e-19	3.14077	
23.1366	5.69494	4.33681e-19	3.14159	
23.148	5.7038	3.14159	3.14077	
23.1594	5.71265	3.14159	3.14159	
23.1709	5.72151	4.33681e-19	3.14078	
23.1823	5.73037	4.33681e-19	3.14159	
23.1938	5.73923	3.14159	3.14078	
23.2052	5.74809	3.14159	3.14159	
23.2166	5.75696	4.33681e-19	3.14079	
23.228	5.76583	4.33681e-19	3.14159	
23.2394	5.77471	3.14159	3.14079	
23.2508	5.78358	3.14159	3.14159	
23.2623	5.79246	4.33681e-19	3.1408	
23.2737	5.80135	4.33681e-19	3.14159	
23.2851	5.81023	3.14159	3.1408	
23.2965	5.81912	3.14159	3.14159	
23.3079	5.82801	4.33681e-19	3.14081	
23.3192	5.83691	4.33681e-19	3.14159	
23.3306	5.8458	3.14159	3.14081	
23.342	5.8547	3.14159	3.14159	
23.3534	5.86361	4.33681e-19	3.14082	
23.3648	5.87251	4.33681e-19	3.14159	
23.3761	5.88142	3.14159	3.14082	
23.3875	5.89033	3.14159	3.14159	
23.3989	5.89924	4.33681e-19	3.14083	
23.4102	5.90816	4.33681e-19	3.14159	
23.4216	5.91708	3.14159	3.14083	
23.4329	5.926	3.14159	3.14159	
23.4443	5.93492	4.33681e-19	3.14083	
23.4556	5.94385	4.33681e-19	3.14159	
23.467	5.95278	3.14159	3.14084	
23.4783	5.96171	3.14159	3.14159	
23.4897	5.97065	4.33681e-19	3.14084	
23.501	5.97959	4.33681e-19	3.14159	
23.5123	5.98853	3.14159	3.14085	
23.5237	5.99747	3.14159	3.14159	
23.535	6.00641	4.33681e-19	3.14085	
23.5463	6.01536	4.33681e-19	3.14159	
23.5576	6.02431	3.14159	3.14086	
23.5689	6.03327	3.14159	3.14159	
23.5802	6.04222	4.33681e-19	3.14086	
23.5916	6.05118	4.33681e-19	3.14159	
23.6029	6.06014	3.14159	3.14086	
23.6142	6.06911	3.14159	3.14159	
23.6255	6.07807	4.33681e-19	3.14087	
23.6367	6.08704	4.33681e-19	3.14159	
23.648	6.09601	3.14159	3.14087	
23.6593	6.10498	3.14159	3.14159	
23.6706	6.11396	4.33681e-19	3.14088	
23.6819	6.12294	4.33681e-19	3.14159	
23.6932	6.13192	3.14159	3.14088	
23.7044	6.1409	3.14159	3.14159	
23.7157	6.14989	4.33681e-19	3.14089	
23.727	6.15888	4.33681e-19	3.14159	
23.7382	6.16787	3.14159	3.14089	
23.7495	6.17686	3.14159	3.14159	
23.7608	6.18586	4.33681e-19	3.1409	
23.772	6.19485	4.33681e-19	3.14159	
23.7833	6.20385	3.14159	3.1409	
23.7945	6.21286	3.14159	3.14159	
23.8058	6.22186	4.33681e-19	3.1409	
23.817	6.23087	4.33681e-19	3.14159	
23.8283	6.23988	3.14159	3.14091	
23.8395	6.24889	3.14159	3.14159	
23.8507	6.25791	4.33681e-19	3.14091	
23.862	6.26692	4.33681e-19	3.14159	
23.8732	6.27594	3.14159	3.14091	
23.8844	6.28496	3.14159	3.14159	
23.8956	6.29399	4.33681e-19	3.14092	
23.9068	6.30301	4.33681e-19	3.14159	
23.9181	6.31204	3.14159	3.14092	
23.9293	6.32107	3.14159	3.14159	
23.9405	6.33011	4.33681e-19	3.14093	
23.9517	6.33914	4.33681e-19	3.14159	
23.9629	6.34818	3.14159	3.14093	
23.9741	6.35722	3.14159	3.14159	
23.9853	6.36626	4.33681e-19	3.14093	
23.9965	6.3753	4.33681e-19	3.14159	
24.0077	6.38435	3.14159	3.14094	
24.0189	6.3934	3.14159	3.14159	
24.03	6.40245	4.33681e-19	3.14094	
24.0412	6.4115	4.33681e-19	3.14159	
24.0524	6.42056	3.14159	3.14094	
24.0636	6.42961	3.14159	3.14159	
24.0748	6.43867	4.33681e-19	3.14095	
24.0859	6.44774	4.33681e-19	3.14159	
24.0971	6.4568	3.14159	3.14095	
24.1083	6.46587	3.14159	3.14159	
24.1194	6.47493	4.33681e-19	3.14096	
24.1306	6.484	4.33681e-19	3.14159	
24.1417	6.49308	3.14159	3.14096	
24.1529	6.50215	3.14159	3.14159	
24.164	6.51123	4.33681e-19	3.14096	
24.1752	6.52031	4.33681e-19	3.14159	
24.1863	6.52939	3.14159	3.14097	
24.1975	6.53847	3.14159	3.14159	
24.2086	6.54755	4.33681e-19	3.14097	
24.2198	6.55664	4.33681e-19	3.14159	
24.2309	6.56573	3.14159	3.14097	
24.242	6.57482	3.14159	3.14159	
24.2532	6.58391	4.33681e-19	3.14098	
24.2643	6.59301	4.33681e-19	3.14159	
24.2754	6.60211	3.14159	3.14098	
24.2865	6.6112	3.14159	3.14159	
24.2976	6.62031	4.33681e-19	3.14098	
24.3088	6.62941	4.33681e-19	3.14159	
24.3199	6.63851	3.14159	3.14099	
24.331	6.64762	3.14159	3.14159	
24.3421	6.65673	4.33681e-19	3.14099	
24.3532	6.66584	4.33681e-19	3.14159	
24.3643	6.67495	3.14159	3.14099	
24.3754	6.68407	3.14159	3.14159	
24.3865	6.69319	4.33681e-19	3.141	
24.3976	6.70231	4.33681e-19	3.14159	
24.4087	6.71143	3.14159	3.141	
24.4198	6.72055	3.14159	3.14159	
24.4308	6.72967	4.33681e-19	3.141	
24.4419	6.7388	4.33681e-19	3.14159	
24.453	6.74793	3.14159	3.14101	
24.4641	6.75706	3.14159	3.14159	
24.4752	6.76619	4.33681e-19	3.14101	
24.4862	6.77533	4.33681e-19	3.14159	
24.4973	6.78446	3.14159	3.14101	
24.5084	6.7936	3.14159	3.14159	
24.5194	6.80274	4.33681e-19	3.14102	
24.5305	6.81188	4.33681e-19	3.14159	
24.5416	6.82103	3.14159	3.14102	
24.5526	6.83017	3.14159	3.14159	
24.5637	6.83932	4.33681e-19	3.14102	
24.5747	6.84847	4.33681e-19	3.14159	
24.5858	6.85762	3.14159	3.14102	
24.5968	6.86677	3.14159	3.14159	
24.6079	6.87593	4.33681e-19	3.14103	
24.6189	6.88508	4.33681e-19	3.14159	
24.6299	6.89424	3.14159	3.14103	
24.641	6.9034	3.14159	3.14159	
24.652	6.91256	4.33681e-19	3.14103	
24.6631	6.92173	4.33681e-19	3.14159	
24.6741	6.93089	3.14159	3.14104	
24.6851	6.94006	3.14159	3.14159	
24.6961	6.94923	4.33681e-19	3.14104	
24.7072	6.9584	4.33681e-19	3.14159	
24.7182	6.96757	3.14159	3.14104	
24.7292	6.97675	3.14159	3.14159	
24.7402	6.98592	4.33681e-19	3.14105	
24.7512	6.9951	4.33681e-19	3.14159	
24.7622	7.00428	3.14159	3.14105	
24.7732	7.01346	3.14159	3.14159	
24.7842	7.02264	4.33681e-19	3.14105	
24.7952	7.03183	4.33681e-19	3.14159	
24.8062	7.04101	3.14159	3.14105	
24.8172	7.0502	3.14159	3.14159	
24.8282	7.05939	4.33681e-19	3.14106	
24.8392	7.06858	4.33681e-19	3.14159	
24.8502	7.07778	3.14159	3.14106	
24.8612	7.08697	3.14159	3.14159	
24.8722	7.09617	4.33681e-19	3.14106	
24.8832	7.10537	4.33681e-19	3.14159	
24.8942	7.11457	3.14159	3.14106	
24.9052	7.12377	3.14159	3.14159	
24.9161	7.13297	4.33681e-19	3.14107	
24.9271	7.14218	4.33681e-19	3.14159	
24.9381	7.15138	3.14159	3.14107	
24.949	7.16059	3.14159	3.14159	
24.96	7.1698	4.33681e-19	3.14107	
24.971	7.17901	4.33681e-19	3.14159	
24.9819	7.18822	3.14159	3.14107	
24.9929	7.19744	3.14159	3.14159	
25.0039	7.20665	4.33681e-19	3.14108	
25.0148	7.21587	4.33681e-19	3.14159	
25.0258	7.22509	3.14159	3.14108	
25.0367	7.23431	3.14159	3.14159	
25.0477	7.24353	4.33681e-19	3.14108	
25.0586	7.25276	4.33681e-19	3.14159	
25.0696	7.26198	3.14159	3.14109	
25.0805	7.27121	3.14159	3.14159	
25.0915	7.28044	4.33681e-19	3.14109	
25.1024	7.28967	4.33681e-19	3.14159	
25.1133	7.2989	3.14159	3.14109	
25.1243	7.30813	3.14159	3.14159	
25.1352	7.31737	4.33681e-19	3.14109	
25.1461	7.32661	4.33681e-19	3.14159	
25.1571	7.33584	3.14159	3.1411	
25.168	7.34508	3.14159	3.14159	
25.1789	7.35432	4.33681e-19	3.1411	
25.1898	7.36357	4.33681e-19	3.14159	
25.2007	7.37281	3.14159	3.1411	
25.2117	7.38206	3.14159	3.14159	
25.2226	7.3913	4.33681e-19	3.1411	
25.2335	7.40055	4.33681e-19	3.14159	
25.2444	7.4098	3.14159	3.14111	
25.2553	7.41905	3.14159	3.14159	
25.2662	7.42831	4.33681e-19	3.14111	
25.2771	7.43756	4.33681e-19	3.14159	
25.288	7.44682	3.14159	3.14111	
25.2989	7.45607	3.14159	3.14159	
25.3098	7.46533	4.33681e-19	3.14111	
25.3207	7.47459	3.14159	3.14159	
25.3316	7.48385	4.33681e-19	3.14111	
25.3425	7.49312	4.33681e-19	3.14159	
25.3534	7.50238	3.14159	3.14112	
25.3643	7.51165	4.33681e-19	3.14159	
25.3752	7.52092	3.14159	3.14112	
25.3861	7.53018	3.14159	3.14159	
25.3969	7.53945	4.33681e-19	3.14112	
25.4078	7.54873	4.33681e-19	3.14159	
25.4187	7.558	3.14159	3.14112	
25.4296	7.56727	3.14159	3.14159	
25.4404	7.57655	4.33681e-19	3.14113	
25.4513	7.58583	3.14159	3.14159	
25.4622	7.59511	4.33681e-19	3.14113	
25.473	7.60439	4.33681e-19	3.14159	
25.4839	7.61367	3.14159	3.14113	
25.4948	7.62295	3.14159	3.14159	
25.5056	7.63223	4.33681e-19	3.14113	
25.5165	7.64152	4.33681e-19	3.14159	
25.5274	7.65081	3.14159	3.14114	
25.5382	7.66009	4.33681e-19	3.14159	
25.5491	7.66938	3.14159	3.14114	
25.5599	7.67868	3.14159	3.14159	
25.5708	7.68797	4.33681e-19	3.14114	
25.5816	7.69726	4.33681e-19	3.14159	
25.5925	7.70656	3.14159	3.14114	
25.6033	7.71585	3.14159	3.14159	
25.6141	7.72515	4.33681e-19	3.14115	
25.625	7.73445	3.14159	3.14159	
25.6358	7.74375	4.33681e-19	3.14115	
25.6467	7.75305	4.33681e-19	3.14159	
25.6575	7.76235	3.14159	3.14115	
25.6683	7.77166	3.14159	3.14159	
25.6792	7.78096	4.33681e-19	3.14115	
25.69	7.79027	4.33681e-19	3.14159	
25.7008	7.79958	3.14159	3.14115	
25.7116	7.80889	4.33681e-19	3.14159	
25.7225	7.8182	3.14159	3.14115	
25.7333	7.82751	3.14159	3.14159	
25.7441	7.83682	4.33681e-19	3.14116	
25.7549	7.84614	4.33681e-19	3.14159	
25.7657	7.85545	3.14159	3.14116	
25.7765	7.86477	3.14159	3.14159	
25.7873	7.87409	4.33681e-19	3.14116	
25.7982	7.88341	3.14159	3.14159	
25.809	7.89273	4.33681e-19	3.14116	
25.8198	7.90205	4.33681e-19	3.14159	
25.8306	7.91138	3.14159	3.14117	
25.8414	7.9207	3.14159	3.14159	
25.8522	7.93003	4.33681e-19	3.14117	
25.863	7.93935	4.33681e-19	3.14159	
25.8738	7.94868	3.14159	3.14117	
25.8846	7.95801	4.33681e-19	3.14159	
25.8954	7.96734	3.14159	3.14117	
25.9062	7.97667	3.14159	3.14159	
25.9169	7.98601	4.33681e-19	3.14117	
25.9277	7.99534	4.33681e-19	3.14159	
25.9385	8.00468	3.14159	3.14118	
25.9493	8.01401	3.14159	3.14159	
25.9601	8.02335	4.33681e-19	3.14118	
25.9709	8.03269	3.14159	3.14159	
25.9816	8.04203	4.33681e-19	3.14118	
25.9924	8.05137	4.33681e-19	3.14159	
26.0032	8.06072	3.14159	3.14118	
26.014	8.07006	3.14159	3.14159	
26.0247	8.0794	4.33681e-19	3.14118	
26.0355	8.08875	4.33681e-19	3.14159	
26.0463	8.0981	3.14159	3.14119	
26.057	8.10745	4.33681e-19	3.14159	
26.0678	8.1168	3.14159	3.14119	
26.0786	8.12615	3.14159	3.14159	
26.0893	8.1355	4.33681e-19	3.14119	
26.1001	8.14485	3.14159	3.14159	
26.1108	8.15421	4.33681e-19	3.14119	
26.1216	8.16356	4.33681e-19	3.14159	
26.1324	8.17292	3.14159	3.14119	
26.1431	8.18228	4.33681e-19	3.14159	
26.1539	8.19164	3.14159	3.14119	
26.1646	8.201	3.14159	3.14159	
26.1754	8.21036	4.33681e-19	3.1412	
26.1861	8.21972	4.33681e-19	3.14159	
26.1968	8.22908	3.14159	3.1412	
26.2076	8.23845	3.14159	3.14159	
26.2183	8.24781	4.33681e-19	3.1412	
26.2291	8.25718	3.14159	3.14159	
26.2398	8.26655	4.33681e-19	3.1412	
26.2505	8.27592	4.33681e-19	3.14159	
26.2613	8.28529	3.14159	3.1412	
26.272	8.29466	4.33681e-19	3.14159	
26.2827	8.30403	3.14159	3.1412	
26.2935	8.3134	3.14159	3.14159	
26.3042	8.32278	4.33681e-19	3.14121	
26.3149	8.33215	3.14159	3.14159	
26.3256	8.34153	4.33681e-19	3.14121	
26.3364	8.35091	4.33681e-19	3.14159	
26.3471	8.36029	3.14159	3.14121	
26.3578	8.36966	3.14159	3.14159	
26.3685	8.37905	4.33681e-19	3.14121	
26.3792	8.38843	4.33681e-19	3.14159	
26.3899	8.39781	3.14159	3.14121	
26.4007	8.40719	4.33681e-19	3.14159	
26.4114	8.41658	3.14159	3.14122	
26.4221	8.42597	3.14159	3.14159	
26.4328	8.43535	4.33681e-19	3.14122	
26.4435	8.44474	3.14159	3.14159	
26.4542	8.45413	4.33681e-19	3.14122	
26.4649	8.46352	4.33681e-19	3.14159	
26.4756	8.47291	3.14159	3.14122	
26.4863	8.4823	4.33681e-19	3.14159	
26.497	8.4917	3.14159	3.14122	
26.5077	8.50109	3.14159	3.14159	
26.5184	8.51049	4.33681e-19	3.14122	
26.5291	8.51988	4.33681e-19	3.14159	
26.5398	8.52928	3.14159	3.14122	
26.5505	8.53868	3.14159	3.14159	
26.5612	8.54808	4.33681e-19	3.14123	
26.5718	8.55748	3.14159	3.14159	
26.5825	8.56688	4.33681e-19	3.14123	
26.5932	8.57628	4.33681e-19	3.14159	
26.6039	8.58569	3.14159	3.14123	
26.6146	8.59509	4.33681e-19	3.14159	
26.6253	8.6045	3.14159	3.14123	
26.6359	8.6139	3.14159	3.14159	
26.6466	8.62331	4.33681e-19	3.14123	
26.6573	8.63272	3.14159	3.14159	
26.668	8.64213	4.33681e-19	3.14123	
26.6786	8.65154	4.33681e-19	3.14159	
26.6893	8.66095	3.14159	3.14124	
26.7	8.67036	3.14159	3.14159	
26.7106	8.67977	4.33681e-19	3.14124	
26.7213	8.68919	4.33681e-19	3.14159	
26.732	8.6986	3.14159	3.14124	
26.7426	8.70802	4.33681e-19	3.14159	
26.7533	8.71744	3.14159	3.14124	
26.7639	8.72685	3.14159	3.14159	
26.7746	8.73627	4.33681e-19	3.14124	
26.7853	8.74569	3.14159	3.14159	
26.7959	8.75511	4.33681e-19	3.14124	
26.8066	8.76454	4.33681e-19	3.14159	
26.8172	8.77396	3.14159	3.14125	
26.8279	8.78338	4.33681e-19	3.14159	
26.8385	8.79281	3.14159	3.14125	
26.8492	8.80223	3.14159	3.14159	
26.8598	8.81166	4.33681e-19	3.14125	
26.8705	8.82109	4.33681e-19	3.14159	
26.8811	8.83051	3.14159	3.14125	
26.8917	8.83994	3.14159	3.14159	
26.9024	8.84937	4.33681e-19	3.14125	
26.913	8.85881	3.14159	3.14159	
26.9237	8.86824	4.33681e-19	3.14125	
26.9343	8.87767	4.33681e-19	3.14159	
26.9449	8.8871	3.14159	3.14125	
26.9556	8.89654	4.33681e-19	3.14159	
26.9662	8.90597	3.14159	3.14126	
26.9768	8.91541	3.14159	3.14159	
26.9875	8.92485	4.33681e-19	3.14126	
26.9981	8.93429	3.14159	3.14159	
27.0087	8.94373	4.33681e-19	3.14126	
27.0193	8.95317	4.33681e-19	3.14159	
27.03	8.96261	3.14159	3.14126	
27.0406	8.97205	3.14159	3.14159	
27.0512	8.98149	4.33681e-19	3.14126	
27.0618	8.99093	4.33681e-19	3.14159	
27.0724	9.00038	3.14159	3.14126	
27.0831	9.00982	4.33681e-19	3.14159	
27.0937	9.01927	3.14159	3.14126	
27.1043	9.02872	3.14159	3.14159	
27.1149	9.03816	4.33681e-19	3.14127	
27.1255	9.04761	3.14159	3.14159	
27.1361	9.05706	4.33681e-19	3.14127	
27.1467	9.06651	4.33681e-19	3.14159	
27.1573	9.07596	3.14159	3.14127	
27.1679	9.08542	4.33681e-19	3.14159	
27.1785	9.09487	3.14159	3.14127	
27.1891	9.10432	3.14159	3.14159	
27.1997	9.11378	4.33681e-19	3.14127	
27.2103	9.12323	4.33681e-19	3.14159	
27.2209	9.13269	3.14159	3.14127	
27.2315	9.14215	3.14159	3.14159	
27.2421	9.15161	4.33681e-19	3.14127	
27.2527	9.16106	3.14159	3.14159	
27.2633	9.17052	4.33681e-19	3.14127	
27.2739	9.17999	4.33681e-19	3.14159	
27.2845	9.18945	3.14159	3.14128	
27.2951	9.19891	4.33681e-19	3.14159	
27.3057	9.20837	3.14159	3.14128	
27.3163	9.21784	3.14159	3.14159	
27.3269	9.2273	4.33681e-19	3.14128	
27.3374	9.23677	3.14159	3.14159	
27.348	9.24623	4.33681e-19	3.14128	
27.3586	9.2557	4.33681e-19	3.14159	
27.3692	9.26517	3.14159	3.14128	
27.3798	9.27464	3.14159	3.14159	
27.3903	9.28411	4.33681e-19	3.14128	
27.4009	9.29358	4.33681e-19	3.14159	
27.4115	9.30305	3.14159	3.14128	
27.4221	9.31252	4.33681e-19	3.14159	
27.4326	9.32199	3.14159	3.14128	
27.4432	9.33146	3.14159	3.14159	
27.4538	9.34094	4.33681e-19	3.14129	
27.4644	9.35041	3.14159	3.14159	
27.4749	9.35989	4.33681e-19	3.14129	
27.4855	9.36937	4.33681e-19	3.14159	
27.496	9.37884	3.14159	3.14129	
27.5066	9.38832	4.33681e-19	3.14159	
27.5172	9.3978	3.14159	3.14129	
27.5277	9.40728	3.14159	3.14159	
27.5383	9.41676	4.33681e-19	3.14129	
27.5489	9.42624	4.33681e-19	3.14159	
27.5594	9.43572	3.14159	3.14129	
27.57	9.44521	3.14159	3.14159	
27.5805	9.45469	4.33681e-19	3.14129	
27.5911	9.46418	3.14159	3.14159	
27.6016	9.47366	4.33681e-19	3.14129	
27.6122	9.48315	4.33681e-19	3.14159	
27.6227	9.49263	3.14159	3.1413	
27.6333	9.50212	4.33681e-19	3.14159	
27.6438	9.51161	3.14159	3.1413	
27.6544	9.5211	3.14159	3.14159	
27.6649	9.53059	4.33681e-19	3.1413	
27.6755	9.54008	3.14159	3.14159	
27.686	9.54957	4.33681e-19	3.1413	
27.6965	9.55906	4.33681e-19	3.14159	
27.7071	9.56855	3.14159	3.1413	
27.7176	9.57805	3.14159	3.14159	
27.7282	9.58754	4.33681e-19	3.1413	
27.7387	9.59703	4.33681e-19	3.14159	
27.7492	9.60653	3.14159	3.1413	
27.7598	9.61603	4.33681e-19	3.14159	
27.7703	9.62552	3.14159	3.1413	
27.7808	9.63502	3.14159	3.14159	
27.7914	9.64452	4.33681e-19	3.14131	
27.8019	9.65402	3.14159	3.14159	
27.8124	9.66352	4.33681e-19	3.14131	
27.8229	9.67302	4.33681e-19	3.14159	
27.8335	9.68252	3.14159	3.14131	
27.844	9.69202	4.33681e-19	3.14159	
27.8545	9.70153	3.14159	3.14131	
27.865	9.71103	3.14159	3.14159	
27.8755	9.72053	4.33681e-19	3.14131	
27.8861	9.73004	4.33681e-19	3.14159	
27.8966	9.73954	3.14159	3.14131	
27.9071	9.74905	3.14159	3.14159	
27.9176	9.75856	4.33681e-19	3.14131	
27.9281	9.76806	3.14159	3.14159	
27.9386	9.77757	4.33681e-19	3.14131	
27.9492	9.78708	4.33681e-19	3.14159	
27.9597	9.79659	3.14159	3.14131	
27.9702	9.8061	4.33681e-19	3.14159	
27.9807	9.81561	3.14159	3.14132	
27.9912	9.82512	3.14159	3.14159	
28.0017	9.83464	4.33681e-19	3.14132	
28.0122	9.84415	3.14159	3.14159	
28.0227	9.85366	4.33681e-19	3.14132	
28.0332	9.86318	4.33681e-19	3.14159	
28.0437	9.87269	3.14159	3.14132	
28.0542	9.88221	3.14159	3.14159	
28.0647	9.89173	4.33681e-19	3.14132	
28.0752	9.90124	4.33681e-19	3.14159	
28.0857	9.91076	3.14159	3.14132	
28.0962	9.92028	4.33681e-19	3.14159	
28.1067	9.9298	3.14159	3.14132	
28.1172	9.93932	3.14159	3.14159	
28.1277	9.94884	4.33681e-19	3.14132	
28.1382	9.95836	3.14159	3.14159	
28.1487	9.96788	4.33681e-19	3.14132	
28.1592	9.9774	4.33681e-19	3.14159	
28.1696	9.98693	3.14159	3.14132	
28.1801	9.99645	4.33681e-19	3.14159	
28.1906	10.006	3.14159	3.14133	
28.2011	10.0155	3.14159	3.14159	
28.2116	10.025	4.33681e-19	3.14133	
28.2221	10.0346	4.33681e-19	3.14159	
28.2326	10.0441	3.14159	3.14133	
28.243	10.0536	3.14159	3.14159	
28.2535	10.0631	4.33681e-19	3.14133	
28.264	10.0727	3.14159	3.14159	
28.2745	10.0822	4.33681e-19	3.14133	
28.2849	10.0917	4.33681e-19	3.14159	
28.2954	10.1013	3.14159	3.14133	
28.3059	10.1108	4.33681e-19	3.14159	
28.3164	10.1203	3.14159	3.14133	
28.3268	10.1299	3.14159	3.14159	
28.3373	10.1394	4.33681e-19	3.14133	
28.3478	10.1489	3.14159	3.14159	
28.3583	10.1585	4.33681e-19	3.14133	
28.3687	10.168	4.33681e-19	3.14159	
28.3792	10.1775	3.14159	3.14133	
28.3897	10.1871	3.14159	3.14159	
28.4001	10.1966	4.33681e-19	3.14134	
28.4106	10.2061	4.33681e-19	3.14159	
28.421	10.2157	3.14159	3.14134	
28.4315	10.2252	4.33681e-19	3.14159	
28.442	10.2348	3.14159	3.14134	
28.4524	10.2443	3.14159	3.14159	
28.4629	10.2538	4.33681e-19	3.14134	
28.4733	10.2634	3.14159	3.14159	
28.4838	10.2729	4.33681e-19	3.14134	
28.4942	10.2825	4.33681e-19	3.14159	
28.5047	10.292	3.14159	3.14134	
28.5152	10.3016	4.33681e-19	3.14159	
28.5256	10.3111	3.14159	3.14134	
28.5361	10.3206	3.14159	3.14159	
28.5465	10.3302	4.33681e-19	3.14134	
28.557	10.3397	4.33681e-19	3.14159	
28.5674	10.3493	3.14159	3.14134	
28.5778	10.3588	3.14159	3.14159	
28.5883	10.3684	4.33681e-19	3.14134	
28.5987	10.3779	3.14159	3.14159	
28.6092	10.3875	4.33681e-19	3.14134	
28.6196	10.397	4.33681e-19	3.14159	
28.6301	10.4066	3.14159	3.14135	
28.6405	10.4161	3.14159	3.14159	
28.6509	10.4257	4.33681e-19	3.14135	
28.6614	10.4352	4.33681e-19	3.14159	
28.6718	10.4448	3.14159	3.14135	
28.6823	10.4543	4.33681e-19	3.14159	
28.6927	10.4639	3.14159	3.14135	
28.7031	10.4734	3.14159	3.14159	
28.7136	10.483	4.33681e-19	3.14135	
28.724	10.4926	4.33681e-19	3.14159	
28.7344	10.5021	3.14159	3.14135	
28.7449	10.5117	3.14159	3.14159	
28.7553	10.5212	4.33681e-19	3.14135	
28.7657	10.5308	3.14159	3.14159	
28.7761	10.5403	4.33681e-19	3.14135	
28.7866	10.5499	4.33681e-19	3.14159	
28.797	10.5595	3.14159	3.14135	
28.8074	10.569	4.33681e-19	3.14159	
28.8178	10.5786	3.14159	3.14135	
28.8283	10.5881	3.14159	3.14159	
28.8387	10.5977	4.33681e-19	3.14135	
28.8491	10.6073	3.14159	3.14159	
28.8595	10.6168	4.33681e-19	3.14136	
28.8699	10.6264	4.33681e-19	3.14159	
28.8804	10.636	3.14159	3.14136	
28.8908	10.6455	3.14159	3.14159	
28.9012	10.6551	4.33681e-19	3.14136	
28.9116	10.6646	4.33681e-19	3.14159	
28.922	10.6742	3.14159	3.14136	
28.9324	10.6838	4.33681e-19	3.14159	
28.9428	10.6933	3.14159	3.14136	
28.9533	10.7029	3.14159	3.14159	
28.9637	10.7125	4.33681e-19	3.14136	
28.9741	10.7221	3.14159	3.14159	
28.9845	10.7316	4.33681e-19	3.14136	
28.9949	10.7412	4.33681e-19	3.14159	
29.0053	10.7508	3.14159	3.14136	
29.0157	10.7603	4.33681e-19	3.14159	
29.0261	10.7699	3.14159	3.14136	
29.0365	10.7795	3.14159	3.14159	
29.0469	10.7891	4.33681e-19	3.14136	
29.0573	10.7986	4.33681e-19	3.14159	
29.0677	10.8082	3.14159	3.14136	
29.0781	10.8178	3.14159	3.14159	
29.0885	10.8273	4.33681e-19	3.14136	
29.0989	10.8369	3.14159	3.14159	
29.1093	10.8465	4.33681e-19	3.14137	
29.1197	10.8561	4.33681e-19	3.14159	
29.1301	10.8657	3.14159	3.14137	
29.1405	10.8752	4.33681e-19	3.14159	
29.1509	10.8848	3.14159	3.14137	
29.1613	10.8944	3.14159	3.14159	
29.1717	10.904	4.33681e-19	3.14137	
29.1821	10.9135	3.14159	3.14159	
29.1924	10.9231	4.33681e-19	3.14137	
29.2028	10.9327	4.33681e-19	3.14159	
29.2132	10.9423	3.14159	3.14137	
29.2236	10.9519	3.14159	3.14159	
29.234	10.9614	4.33681e-19	3.14137	
29.2444	10.971	4.33681e-19	3.14159	
29.2548	10.9806	3.14159	3.14137	
29.2651	10.9902	4.33681e-19	3.14159	
29.2755	10.9998	3.14159	3.14137	
29.2859	11.0094	3.14159	3.14159	
29.2963	11.019	4.33681e-19	3.14137	
29.3067	11.0285	4.33681e-19	3.14159	
29.317	11.0381	3.14159	3.14137	
29.3274	11.0477	3.14159	3.14159	
29.3378	11.0573	4.33681e-19	3.14137	
29.3482	11.0669	3.14159	3.14159	
29.3585	11.0765	4.33681e-19	3.14137	
29.3689	11.0861	4.33681e-19	3.14159	
29.3793	11.0956	3.14159	3.14138	
29.3897	11.1052	3.14159	3.14159	
29.4	11.1148	4.33681e-19	3.14138	
29.4104	11.1244	4.33681e-19	3.14159	
29.4208	11.134	3.14159	3.14138	
29.4311	11.1436	4.33681e-19	3.14159	
29.4415	11.1532	3.14159	3.14138	
29.4519	11.1628	3.14159	3.14159	
29.4622	11.1724	4.33681e-19	3.14138	
29.4726	11.182	3.14159	3.14159	
29.483	11.1916	4.33681e-19	3.14138	
29.4933	11.2012	4.33681e-19	3.14159	
29.5037	11.2108	3.14159	3.14138	
29.5141	11.2204	4.33681e-19	3.14159	
29.5244	11.2299	3.14159	3.14138	
29.5348	11.2395	3.14159	3.14159	
29.5451	11.2491	4.33681e-19	3.14138	
29.5555	11.2587	4.33681e-19	3.14159	
29.5659	11.2683	3.14159	3.14138	
29.5762	11.2779	3.14159	3.14159	
29.5866	11.2875	4.33681e-19	3.14138	
29.5969	11.2971	3.14159	3.14159	
29.6073	11.3067	4.33681e-19	3.14138	
29.6176	11.3163	4.33681e-19	3.14159	
29.628	11.3259	3.14159	3.14138	
29.6383	11.3355	3.14159	3.14159	
29.6487	11.3451	4.33681e-19	3.14138	
29.659	11.3547	4.33681e-19	3.14159	
29.6694	11.3643	3.14159	3.14139	
29.6797	11.3739	4.33681e-19	3.14159	
29.6901	11.3835	3.14159	3.14139	
29.7004	11.3931	3.14159	3.14159	
29.7108	11.4027	4.33681e-19	3.14139	
29.7211	11.4124	4.33681e-19	3.14159	
29.7315	11.422	3.14159	3.14139	
29.7418	11.4316	3.14159	3.14159	
29.7521	11.4412	4.33681e-19	3.14139	
29.7625	11.4508	3.14159	3.14159	
29.7728	11.4604	4.33681e-19	3.14139	
29.7832	11.47	4.33681e-19	3.14159	
29.7935	11.4796	3.14159	3.14139	
29.8038	11.4892	4.33681e-19	3.14159	
29.8142	11.4988	3.14159	3.14139	
29.8245	11.5084	3.14159	3.14159	
29.8348	11.518	4.33681e-19	3.14139	
29.8452	11.5276	3.14159	3.14159	
29.8555	11.5373	4.33681e-19	3.14139	
29.8658	11.5469	4.33681e-19	3.14159	
29.8762	11.5565	3.14159	3.14139	
29.8865	11.5661	3.14159	3.14159	
29.8968	11.5757	4.33681e-19	3.14139	
29.9072	11.5853	4.33681e-19	3.14159	
29.9175	11.5949	3.14159	3.14139	
29.9278	11.6045	4.33681e-19	3.14159	
29.9382	11.6141	3.14159	3.14139	
29.9485	11.6238	3.14159	3.14159	
29.9588	11.6334	4.33681e-19	3.1414	
29.9691	11.643	4.33681e-19	3.14159	
29.9795	11.6526	3.14159	3.1414	
29.9898	11.6622	3.14159	3.14159	
30.0001	11.6718	4.33681e-19	3.1414	
30.0104	11.6815	3.14159	3.14159	
30.0207	11.6911	4.33681e-19	3.1414	
30.0311	11.7007	4.33681e-19	3.14159	
30.0414	11.7103	3.14159	3.1414	
30.0517	11.7199	3.14159	3.14159	
30.062	11.7295	4.33681e-19	3.1414	
30.0723	11.7392	4.33681e-19	3.14159	
30.0827	11.7488	3.14159	3.1414	
30.093	11.7584	4.33681e-19	3.14159	
30.1033	11.768	3.14159	3.1414	
30.1136	11.7776	3.14159	3.14159	
30.1239	11.7873	4.33681e-19	3.1414	
30.1342	11.7969	3.14159	3.14159	
30.1445	11.8065	4.33681e-19	3.1414	
30.1548	11.8161	4.33681e-19	3.14159	
30.1652	11.8258	3.14159	3.1414	
30.1755	11.8354	4.33681e-19	3.14159	
30.1858	11.845	3.14159	3.1414	
30.1961	11.8546	3.14159	3.14159	
30.2064	11.8643	4.33681e-19	3.1414	
30.2167	11.8739	4.33681e-19	3.14159	
30.227	11.8835	3.14159	3.1414	
30.2373	11.8931	3.14159	3.14159	
30.2476	11.9028	4.33681e-19	3.1414	
30.2579	11.9124	3.14159	3.14159	
30.2682	11.922	4.33681e-19	3.1414	
30.2785	11.9316	4.33681e-19	3.14159	
30.2888	11.9413	3.14159	3.14141	
30.2991	11.9509	4.33681e-19	3.14159	
30.3094	11.9605	3.14159	3.14141	
30.3197	11.9702	3.14159	3.14159	
30.33	11.9798	4.33681e-19	3.14141	
30.3403	11.9894	3.14159	3.14159	
30.3506	11.999	4.33681e-19	3.14141	
0	0	0	0	
